10000
20 8 1984
21 8 1984
22 8 1984
23 8 1984
24 8 1984
25 8 1984
26 8 1984
27 8 1984
28 8 1984
29 8 1984
30 8 1984
31 8 1984
1 9 1984
2 9 1984
3 9 1984
4 9 1984
5 9 1984
6 9 1984
7 9 1984
8 9 1984
9 9 1984
10 9 1984
11 9 1984
12 9 1984
13 9 1984
14 9 1984
15 9 1984
16 9 1984
17 9 1984
18 9 1984
19 9 1984
20 9 1984
21 9 1984
22 9 1984
23 9 1984
24 9 1984
25 9 1984
26 9 1984
27 9 1984
28 9 1984
29 9 1984
30 9 1984
1 10 1984
2 10 1984
3 10 1984
4 10 1984
5 10 1984
6 10 1984
7 10 1984
8 10 1984
9 10 1984
10 10 1984
11 10 1984
12 10 1984
13 10 1984
14 10 1984
15 10 1984
16 10 1984
17 10 1984
18 10 1984
19 10 1984
20 10 1984
21 10 1984
22 10 1984
23 10 1984
24 10 1984
25 10 1984
26 10 1984
27 10 1984
28 10 1984
29 10 1984
30 10 1984
31 10 1984
1 11 1984
2 11 1984
3 11 1984
4 11 1984
5 11 1984
6 11 1984
7 11 1984
8 11 1984
9 11 1984
10 11 1984
11 11 1984
12 11 1984
13 11 1984
14 11 1984
15 11 1984
16 11 1984
17 11 1984
18 11 1984
19 11 1984
20 11 1984
21 11 1984
22 11 1984
23 11 1984
24 11 1984
25 11 1984
26 11 1984
27 11 1984
28 11 1984
29 11 1984
30 11 1984
1 12 1984
2 12 1984
3 12 1984
4 12 1984
5 12 1984
6 12 1984
7 12 1984
8 12 1984
9 12 1984
10 12 1984
11 12 1984
12 12 1984
13 12 1984
14 12 1984
15 12 1984
16 12 1984
17 12 1984
18 12 1984
19 12 1984
20 12 1984
21 12 1984
22 12 1984
23 12 1984
24 12 1984
25 12 1984
26 12 1984
27 12 1984
28 12 1984
29 12 1984
30 12 1984
31 12 1984
1 1 1985
2 1 1985
3 1 1985
4 1 1985
5 1 1985
6 1 1985
7 1 1985
8 1 1985
9 1 1985
10 1 1985
11 1 1985
12 1 1985
13 1 1985
14 1 1985
15 1 1985
16 1 1985
17 1 1985
18 1 1985
19 1 1985
20 1 1985
21 1 1985
22 1 1985
23 1 1985
24 1 1985
25 1 1985
26 1 1985
27 1 1985
28 1 1985
29 1 1985
30 1 1985
31 1 1985
1 2 1985
2 2 1985
3 2 1985
4 2 1985
5 2 1985
6 2 1985
7 2 1985
8 2 1985
9 2 1985
10 2 1985
11 2 1985
12 2 1985
13 2 1985
14 2 1985
15 2 1985
16 2 1985
17 2 1985
18 2 1985
19 2 1985
20 2 1985
21 2 1985
22 2 1985
23 2 1985
24 2 1985
25 2 1985
26 2 1985
27 2 1985
28 2 1985
1 3 1985
2 3 1985
3 3 1985
4 3 1985
5 3 1985
6 3 1985
7 3 1985
8 3 1985
9 3 1985
10 3 1985
11 3 1985
12 3 1985
13 3 1985
14 3 1985
15 3 1985
16 3 1985
17 3 1985
18 3 1985
19 3 1985
20 3 1985
21 3 1985
22 3 1985
23 3 1985
24 3 1985
25 3 1985
26 3 1985
27 3 1985
28 3 1985
29 3 1985
30 3 1985
31 3 1985
1 4 1985
2 4 1985
3 4 1985
4 4 1985
5 4 1985
6 4 1985
7 4 1985
8 4 1985
9 4 1985
10 4 1985
11 4 1985
12 4 1985
13 4 1985
14 4 1985
15 4 1985
16 4 1985
17 4 1985
18 4 1985
19 4 1985
20 4 1985
21 4 1985
22 4 1985
23 4 1985
24 4 1985
25 4 1985
26 4 1985
27 4 1985
28 4 1985
29 4 1985
30 4 1985
1 5 1985
2 5 1985
3 5 1985
4 5 1985
5 5 1985
6 5 1985
7 5 1985
8 5 1985
9 5 1985
10 5 1985
11 5 1985
12 5 1985
13 5 1985
14 5 1985
15 5 1985
16 5 1985
17 5 1985
18 5 1985
19 5 1985
20 5 1985
21 5 1985
22 5 1985
23 5 1985
24 5 1985
25 5 1985
26 5 1985
27 5 1985
28 5 1985
29 5 1985
30 5 1985
31 5 1985
1 6 1985
2 6 1985
3 6 1985
4 6 1985
5 6 1985
6 6 1985
7 6 1985
8 6 1985
9 6 1985
10 6 1985
11 6 1985
12 6 1985
13 6 1985
14 6 1985
15 6 1985
16 6 1985
17 6 1985
18 6 1985
19 6 1985
20 6 1985
21 6 1985
22 6 1985
23 6 1985
24 6 1985
25 6 1985
26 6 1985
27 6 1985
28 6 1985
29 6 1985
30 6 1985
1 7 1985
2 7 1985
3 7 1985
4 7 1985
5 7 1985
6 7 1985
7 7 1985
8 7 1985
9 7 1985
10 7 1985
11 7 1985
12 7 1985
13 7 1985
14 7 1985
15 7 1985
16 7 1985
17 7 1985
18 7 1985
19 7 1985
20 7 1985
21 7 1985
22 7 1985
23 7 1985
24 7 1985
25 7 1985
26 7 1985
27 7 1985
28 7 1985
29 7 1985
30 7 1985
31 7 1985
1 8 1985
2 8 1985
3 8 1985
4 8 1985
5 8 1985
6 8 1985
7 8 1985
8 8 1985
9 8 1985
10 8 1985
11 8 1985
12 8 1985
13 8 1985
14 8 1985
15 8 1985
16 8 1985
17 8 1985
18 8 1985
19 8 1985
20 8 1985
21 8 1985
22 8 1985
23 8 1985
24 8 1985
25 8 1985
26 8 1985
27 8 1985
28 8 1985
29 8 1985
30 8 1985
31 8 1985
1 9 1985
2 9 1985
3 9 1985
4 9 1985
5 9 1985
6 9 1985
7 9 1985
8 9 1985
9 9 1985
10 9 1985
11 9 1985
12 9 1985
13 9 1985
14 9 1985
15 9 1985
16 9 1985
17 9 1985
18 9 1985
19 9 1985
20 9 1985
21 9 1985
22 9 1985
23 9 1985
24 9 1985
25 9 1985
26 9 1985
27 9 1985
28 9 1985
29 9 1985
30 9 1985
1 10 1985
2 10 1985
3 10 1985
4 10 1985
5 10 1985
6 10 1985
7 10 1985
8 10 1985
9 10 1985
10 10 1985
11 10 1985
12 10 1985
13 10 1985
14 10 1985
15 10 1985
16 10 1985
17 10 1985
18 10 1985
19 10 1985
20 10 1985
21 10 1985
22 10 1985
23 10 1985
24 10 1985
25 10 1985
26 10 1985
27 10 1985
28 10 1985
29 10 1985
30 10 1985
31 10 1985
1 11 1985
2 11 1985
3 11 1985
4 11 1985
5 11 1985
6 11 1985
7 11 1985
8 11 1985
9 11 1985
10 11 1985
11 11 1985
12 11 1985
13 11 1985
14 11 1985
15 11 1985
16 11 1985
17 11 1985
18 11 1985
19 11 1985
20 11 1985
21 11 1985
22 11 1985
23 11 1985
24 11 1985
25 11 1985
26 11 1985
27 11 1985
28 11 1985
29 11 1985
30 11 1985
1 12 1985
2 12 1985
3 12 1985
4 12 1985
5 12 1985
6 12 1985
7 12 1985
8 12 1985
9 12 1985
10 12 1985
11 12 1985
12 12 1985
13 12 1985
14 12 1985
15 12 1985
16 12 1985
17 12 1985
18 12 1985
19 12 1985
20 12 1985
21 12 1985
22 12 1985
23 12 1985
24 12 1985
25 12 1985
26 12 1985
27 12 1985
28 12 1985
29 12 1985
30 12 1985
31 12 1985
1 1 1986
2 1 1986
3 1 1986
4 1 1986
5 1 1986
6 1 1986
7 1 1986
8 1 1986
9 1 1986
10 1 1986
11 1 1986
12 1 1986
13 1 1986
14 1 1986
15 1 1986
16 1 1986
17 1 1986
18 1 1986
19 1 1986
20 1 1986
21 1 1986
22 1 1986
23 1 1986
24 1 1986
25 1 1986
26 1 1986
27 1 1986
28 1 1986
29 1 1986
30 1 1986
31 1 1986
1 2 1986
2 2 1986
3 2 1986
4 2 1986
5 2 1986
6 2 1986
7 2 1986
8 2 1986
9 2 1986
10 2 1986
11 2 1986
12 2 1986
13 2 1986
14 2 1986
15 2 1986
16 2 1986
17 2 1986
18 2 1986
19 2 1986
20 2 1986
21 2 1986
22 2 1986
23 2 1986
24 2 1986
25 2 1986
26 2 1986
27 2 1986
28 2 1986
1 3 1986
2 3 1986
3 3 1986
4 3 1986
5 3 1986
6 3 1986
7 3 1986
8 3 1986
9 3 1986
10 3 1986
11 3 1986
12 3 1986
13 3 1986
14 3 1986
15 3 1986
16 3 1986
17 3 1986
18 3 1986
19 3 1986
20 3 1986
21 3 1986
22 3 1986
23 3 1986
24 3 1986
25 3 1986
26 3 1986
27 3 1986
28 3 1986
29 3 1986
30 3 1986
31 3 1986
1 4 1986
2 4 1986
3 4 1986
4 4 1986
5 4 1986
6 4 1986
7 4 1986
8 4 1986
9 4 1986
10 4 1986
11 4 1986
12 4 1986
13 4 1986
14 4 1986
15 4 1986
16 4 1986
17 4 1986
18 4 1986
19 4 1986
20 4 1986
21 4 1986
22 4 1986
23 4 1986
24 4 1986
25 4 1986
26 4 1986
27 4 1986
28 4 1986
29 4 1986
30 4 1986
1 5 1986
2 5 1986
3 5 1986
4 5 1986
5 5 1986
6 5 1986
7 5 1986
8 5 1986
9 5 1986
10 5 1986
11 5 1986
12 5 1986
13 5 1986
14 5 1986
15 5 1986
16 5 1986
17 5 1986
18 5 1986
19 5 1986
20 5 1986
21 5 1986
22 5 1986
23 5 1986
24 5 1986
25 5 1986
26 5 1986
27 5 1986
28 5 1986
29 5 1986
30 5 1986
31 5 1986
1 6 1986
2 6 1986
3 6 1986
4 6 1986
5 6 1986
6 6 1986
7 6 1986
8 6 1986
9 6 1986
10 6 1986
11 6 1986
12 6 1986
13 6 1986
14 6 1986
15 6 1986
16 6 1986
17 6 1986
18 6 1986
19 6 1986
20 6 1986
21 6 1986
22 6 1986
23 6 1986
24 6 1986
25 6 1986
26 6 1986
27 6 1986
28 6 1986
29 6 1986
30 6 1986
1 7 1986
2 7 1986
3 7 1986
4 7 1986
5 7 1986
6 7 1986
7 7 1986
8 7 1986
9 7 1986
10 7 1986
11 7 1986
12 7 1986
13 7 1986
14 7 1986
15 7 1986
16 7 1986
17 7 1986
18 7 1986
19 7 1986
20 7 1986
21 7 1986
22 7 1986
23 7 1986
24 7 1986
25 7 1986
26 7 1986
27 7 1986
28 7 1986
29 7 1986
30 7 1986
31 7 1986
1 8 1986
2 8 1986
3 8 1986
4 8 1986
5 8 1986
6 8 1986
7 8 1986
8 8 1986
9 8 1986
10 8 1986
11 8 1986
12 8 1986
13 8 1986
14 8 1986
15 8 1986
16 8 1986
17 8 1986
18 8 1986
19 8 1986
20 8 1986
21 8 1986
22 8 1986
23 8 1986
24 8 1986
25 8 1986
26 8 1986
27 8 1986
28 8 1986
29 8 1986
30 8 1986
31 8 1986
1 9 1986
2 9 1986
3 9 1986
4 9 1986
5 9 1986
6 9 1986
7 9 1986
8 9 1986
9 9 1986
10 9 1986
11 9 1986
12 9 1986
13 9 1986
14 9 1986
15 9 1986
16 9 1986
17 9 1986
18 9 1986
19 9 1986
20 9 1986
21 9 1986
22 9 1986
23 9 1986
24 9 1986
25 9 1986
26 9 1986
27 9 1986
28 9 1986
29 9 1986
30 9 1986
1 10 1986
2 10 1986
3 10 1986
4 10 1986
5 10 1986
6 10 1986
7 10 1986
8 10 1986
9 10 1986
10 10 1986
11 10 1986
12 10 1986
13 10 1986
14 10 1986
15 10 1986
16 10 1986
17 10 1986
18 10 1986
19 10 1986
20 10 1986
21 10 1986
22 10 1986
23 10 1986
24 10 1986
25 10 1986
26 10 1986
27 10 1986
28 10 1986
29 10 1986
30 10 1986
31 10 1986
1 11 1986
2 11 1986
3 11 1986
4 11 1986
5 11 1986
6 11 1986
7 11 1986
8 11 1986
9 11 1986
10 11 1986
11 11 1986
12 11 1986
13 11 1986
14 11 1986
15 11 1986
16 11 1986
17 11 1986
18 11 1986
19 11 1986
20 11 1986
21 11 1986
22 11 1986
23 11 1986
24 11 1986
25 11 1986
26 11 1986
27 11 1986
28 11 1986
29 11 1986
30 11 1986
1 12 1986
2 12 1986
3 12 1986
4 12 1986
5 12 1986
6 12 1986
7 12 1986
8 12 1986
9 12 1986
10 12 1986
11 12 1986
12 12 1986
13 12 1986
14 12 1986
15 12 1986
16 12 1986
17 12 1986
18 12 1986
19 12 1986
20 12 1986
21 12 1986
22 12 1986
23 12 1986
24 12 1986
25 12 1986
26 12 1986
27 12 1986
28 12 1986
29 12 1986
30 12 1986
31 12 1986
1 1 1987
2 1 1987
3 1 1987
4 1 1987
5 1 1987
6 1 1987
7 1 1987
8 1 1987
9 1 1987
10 1 1987
11 1 1987
12 1 1987
13 1 1987
14 1 1987
15 1 1987
16 1 1987
17 1 1987
18 1 1987
19 1 1987
20 1 1987
21 1 1987
22 1 1987
23 1 1987
24 1 1987
25 1 1987
26 1 1987
27 1 1987
28 1 1987
29 1 1987
30 1 1987
31 1 1987
1 2 1987
2 2 1987
3 2 1987
4 2 1987
5 2 1987
6 2 1987
7 2 1987
8 2 1987
9 2 1987
10 2 1987
11 2 1987
12 2 1987
13 2 1987
14 2 1987
15 2 1987
16 2 1987
17 2 1987
18 2 1987
19 2 1987
20 2 1987
21 2 1987
22 2 1987
23 2 1987
24 2 1987
25 2 1987
26 2 1987
27 2 1987
28 2 1987
1 3 1987
2 3 1987
3 3 1987
4 3 1987
5 3 1987
6 3 1987
7 3 1987
8 3 1987
9 3 1987
10 3 1987
11 3 1987
12 3 1987
13 3 1987
14 3 1987
15 3 1987
16 3 1987
17 3 1987
18 3 1987
19 3 1987
20 3 1987
21 3 1987
22 3 1987
23 3 1987
24 3 1987
25 3 1987
26 3 1987
27 3 1987
28 3 1987
29 3 1987
30 3 1987
31 3 1987
1 4 1987
2 4 1987
3 4 1987
4 4 1987
5 4 1987
6 4 1987
7 4 1987
8 4 1987
9 4 1987
10 4 1987
11 4 1987
12 4 1987
13 4 1987
14 4 1987
15 4 1987
16 4 1987
17 4 1987
18 4 1987
19 4 1987
20 4 1987
21 4 1987
22 4 1987
23 4 1987
24 4 1987
25 4 1987
26 4 1987
27 4 1987
28 4 1987
29 4 1987
30 4 1987
1 5 1987
2 5 1987
3 5 1987
4 5 1987
5 5 1987
6 5 1987
7 5 1987
8 5 1987
9 5 1987
10 5 1987
11 5 1987
12 5 1987
13 5 1987
14 5 1987
15 5 1987
16 5 1987
17 5 1987
18 5 1987
19 5 1987
20 5 1987
21 5 1987
22 5 1987
23 5 1987
24 5 1987
25 5 1987
26 5 1987
27 5 1987
28 5 1987
29 5 1987
30 5 1987
31 5 1987
1 6 1987
2 6 1987
3 6 1987
4 6 1987
5 6 1987
6 6 1987
7 6 1987
8 6 1987
9 6 1987
10 6 1987
11 6 1987
12 6 1987
13 6 1987
14 6 1987
15 6 1987
16 6 1987
17 6 1987
18 6 1987
19 6 1987
20 6 1987
21 6 1987
22 6 1987
23 6 1987
24 6 1987
25 6 1987
26 6 1987
27 6 1987
28 6 1987
29 6 1987
30 6 1987
1 7 1987
2 7 1987
3 7 1987
4 7 1987
5 7 1987
6 7 1987
7 7 1987
8 7 1987
9 7 1987
10 7 1987
11 7 1987
12 7 1987
13 7 1987
14 7 1987
15 7 1987
16 7 1987
17 7 1987
18 7 1987
19 7 1987
20 7 1987
21 7 1987
22 7 1987
23 7 1987
24 7 1987
25 7 1987
26 7 1987
27 7 1987
28 7 1987
29 7 1987
30 7 1987
31 7 1987
1 8 1987
2 8 1987
3 8 1987
4 8 1987
5 8 1987
6 8 1987
7 8 1987
8 8 1987
9 8 1987
10 8 1987
11 8 1987
12 8 1987
13 8 1987
14 8 1987
15 8 1987
16 8 1987
17 8 1987
18 8 1987
19 8 1987
20 8 1987
21 8 1987
22 8 1987
23 8 1987
24 8 1987
25 8 1987
26 8 1987
27 8 1987
28 8 1987
29 8 1987
30 8 1987
31 8 1987
1 9 1987
2 9 1987
3 9 1987
4 9 1987
5 9 1987
6 9 1987
7 9 1987
8 9 1987
9 9 1987
10 9 1987
11 9 1987
12 9 1987
13 9 1987
14 9 1987
15 9 1987
16 9 1987
17 9 1987
18 9 1987
19 9 1987
20 9 1987
21 9 1987
22 9 1987
23 9 1987
24 9 1987
25 9 1987
26 9 1987
27 9 1987
28 9 1987
29 9 1987
30 9 1987
1 10 1987
2 10 1987
3 10 1987
4 10 1987
5 10 1987
6 10 1987
7 10 1987
8 10 1987
9 10 1987
10 10 1987
11 10 1987
12 10 1987
13 10 1987
14 10 1987
15 10 1987
16 10 1987
17 10 1987
18 10 1987
19 10 1987
20 10 1987
21 10 1987
22 10 1987
23 10 1987
24 10 1987
25 10 1987
26 10 1987
27 10 1987
28 10 1987
29 10 1987
30 10 1987
31 10 1987
1 11 1987
2 11 1987
3 11 1987
4 11 1987
5 11 1987
6 11 1987
7 11 1987
8 11 1987
9 11 1987
10 11 1987
11 11 1987
12 11 1987
13 11 1987
14 11 1987
15 11 1987
16 11 1987
17 11 1987
18 11 1987
19 11 1987
20 11 1987
21 11 1987
22 11 1987
23 11 1987
24 11 1987
25 11 1987
26 11 1987
27 11 1987
28 11 1987
29 11 1987
30 11 1987
1 12 1987
2 12 1987
3 12 1987
4 12 1987
5 12 1987
6 12 1987
7 12 1987
8 12 1987
9 12 1987
10 12 1987
11 12 1987
12 12 1987
13 12 1987
14 12 1987
15 12 1987
16 12 1987
17 12 1987
18 12 1987
19 12 1987
20 12 1987
21 12 1987
22 12 1987
23 12 1987
24 12 1987
25 12 1987
26 12 1987
27 12 1987
28 12 1987
29 12 1987
30 12 1987
31 12 1987
1 1 1988
2 1 1988
3 1 1988
4 1 1988
5 1 1988
6 1 1988
7 1 1988
8 1 1988
9 1 1988
10 1 1988
11 1 1988
12 1 1988
13 1 1988
14 1 1988
15 1 1988
16 1 1988
17 1 1988
18 1 1988
19 1 1988
20 1 1988
21 1 1988
22 1 1988
23 1 1988
24 1 1988
25 1 1988
26 1 1988
27 1 1988
28 1 1988
29 1 1988
30 1 1988
31 1 1988
1 2 1988
2 2 1988
3 2 1988
4 2 1988
5 2 1988
6 2 1988
7 2 1988
8 2 1988
9 2 1988
10 2 1988
11 2 1988
12 2 1988
13 2 1988
14 2 1988
15 2 1988
16 2 1988
17 2 1988
18 2 1988
19 2 1988
20 2 1988
21 2 1988
22 2 1988
23 2 1988
24 2 1988
25 2 1988
26 2 1988
27 2 1988
28 2 1988
29 2 1988
1 3 1988
2 3 1988
3 3 1988
4 3 1988
5 3 1988
6 3 1988
7 3 1988
8 3 1988
9 3 1988
10 3 1988
11 3 1988
12 3 1988
13 3 1988
14 3 1988
15 3 1988
16 3 1988
17 3 1988
18 3 1988
19 3 1988
20 3 1988
21 3 1988
22 3 1988
23 3 1988
24 3 1988
25 3 1988
26 3 1988
27 3 1988
28 3 1988
29 3 1988
30 3 1988
31 3 1988
1 4 1988
2 4 1988
3 4 1988
4 4 1988
5 4 1988
6 4 1988
7 4 1988
8 4 1988
9 4 1988
10 4 1988
11 4 1988
12 4 1988
13 4 1988
14 4 1988
15 4 1988
16 4 1988
17 4 1988
18 4 1988
19 4 1988
20 4 1988
21 4 1988
22 4 1988
23 4 1988
24 4 1988
25 4 1988
26 4 1988
27 4 1988
28 4 1988
29 4 1988
30 4 1988
1 5 1988
2 5 1988
3 5 1988
4 5 1988
5 5 1988
6 5 1988
7 5 1988
8 5 1988
9 5 1988
10 5 1988
11 5 1988
12 5 1988
13 5 1988
14 5 1988
15 5 1988
16 5 1988
17 5 1988
18 5 1988
19 5 1988
20 5 1988
21 5 1988
22 5 1988
23 5 1988
24 5 1988
25 5 1988
26 5 1988
27 5 1988
28 5 1988
29 5 1988
30 5 1988
31 5 1988
1 6 1988
2 6 1988
3 6 1988
4 6 1988
5 6 1988
6 6 1988
7 6 1988
8 6 1988
9 6 1988
10 6 1988
11 6 1988
12 6 1988
13 6 1988
14 6 1988
15 6 1988
16 6 1988
17 6 1988
18 6 1988
19 6 1988
20 6 1988
21 6 1988
22 6 1988
23 6 1988
24 6 1988
25 6 1988
26 6 1988
27 6 1988
28 6 1988
29 6 1988
30 6 1988
1 7 1988
2 7 1988
3 7 1988
4 7 1988
5 7 1988
6 7 1988
7 7 1988
8 7 1988
9 7 1988
10 7 1988
11 7 1988
12 7 1988
13 7 1988
14 7 1988
15 7 1988
16 7 1988
17 7 1988
18 7 1988
19 7 1988
20 7 1988
21 7 1988
22 7 1988
23 7 1988
24 7 1988
25 7 1988
26 7 1988
27 7 1988
28 7 1988
29 7 1988
30 7 1988
31 7 1988
1 8 1988
2 8 1988
3 8 1988
4 8 1988
5 8 1988
6 8 1988
7 8 1988
8 8 1988
9 8 1988
10 8 1988
11 8 1988
12 8 1988
13 8 1988
14 8 1988
15 8 1988
16 8 1988
17 8 1988
18 8 1988
19 8 1988
20 8 1988
21 8 1988
22 8 1988
23 8 1988
24 8 1988
25 8 1988
26 8 1988
27 8 1988
28 8 1988
29 8 1988
30 8 1988
31 8 1988
1 9 1988
2 9 1988
3 9 1988
4 9 1988
5 9 1988
6 9 1988
7 9 1988
8 9 1988
9 9 1988
10 9 1988
11 9 1988
12 9 1988
13 9 1988
14 9 1988
15 9 1988
16 9 1988
17 9 1988
18 9 1988
19 9 1988
20 9 1988
21 9 1988
22 9 1988
23 9 1988
24 9 1988
25 9 1988
26 9 1988
27 9 1988
28 9 1988
29 9 1988
30 9 1988
1 10 1988
2 10 1988
3 10 1988
4 10 1988
5 10 1988
6 10 1988
7 10 1988
8 10 1988
9 10 1988
10 10 1988
11 10 1988
12 10 1988
13 10 1988
14 10 1988
15 10 1988
16 10 1988
17 10 1988
18 10 1988
19 10 1988
20 10 1988
21 10 1988
22 10 1988
23 10 1988
24 10 1988
25 10 1988
26 10 1988
27 10 1988
28 10 1988
29 10 1988
30 10 1988
31 10 1988
1 11 1988
2 11 1988
3 11 1988
4 11 1988
5 11 1988
6 11 1988
7 11 1988
8 11 1988
9 11 1988
10 11 1988
11 11 1988
12 11 1988
13 11 1988
14 11 1988
15 11 1988
16 11 1988
17 11 1988
18 11 1988
19 11 1988
20 11 1988
21 11 1988
22 11 1988
23 11 1988
24 11 1988
25 11 1988
26 11 1988
27 11 1988
28 11 1988
29 11 1988
30 11 1988
1 12 1988
2 12 1988
3 12 1988
4 12 1988
5 12 1988
6 12 1988
7 12 1988
8 12 1988
9 12 1988
10 12 1988
11 12 1988
12 12 1988
13 12 1988
14 12 1988
15 12 1988
16 12 1988
17 12 1988
18 12 1988
19 12 1988
20 12 1988
21 12 1988
22 12 1988
23 12 1988
24 12 1988
25 12 1988
26 12 1988
27 12 1988
28 12 1988
29 12 1988
30 12 1988
31 12 1988
1 1 1989
2 1 1989
3 1 1989
4 1 1989
5 1 1989
6 1 1989
7 1 1989
8 1 1989
9 1 1989
10 1 1989
11 1 1989
12 1 1989
13 1 1989
14 1 1989
15 1 1989
16 1 1989
17 1 1989
18 1 1989
19 1 1989
20 1 1989
21 1 1989
22 1 1989
23 1 1989
24 1 1989
25 1 1989
26 1 1989
27 1 1989
28 1 1989
29 1 1989
30 1 1989
31 1 1989
1 2 1989
2 2 1989
3 2 1989
4 2 1989
5 2 1989
6 2 1989
7 2 1989
8 2 1989
9 2 1989
10 2 1989
11 2 1989
12 2 1989
13 2 1989
14 2 1989
15 2 1989
16 2 1989
17 2 1989
18 2 1989
19 2 1989
20 2 1989
21 2 1989
22 2 1989
23 2 1989
24 2 1989
25 2 1989
26 2 1989
27 2 1989
28 2 1989
1 3 1989
2 3 1989
3 3 1989
4 3 1989
5 3 1989
6 3 1989
7 3 1989
8 3 1989
9 3 1989
10 3 1989
11 3 1989
12 3 1989
13 3 1989
14 3 1989
15 3 1989
16 3 1989
17 3 1989
18 3 1989
19 3 1989
20 3 1989
21 3 1989
22 3 1989
23 3 1989
24 3 1989
25 3 1989
26 3 1989
27 3 1989
28 3 1989
29 3 1989
30 3 1989
31 3 1989
1 4 1989
2 4 1989
3 4 1989
4 4 1989
5 4 1989
6 4 1989
7 4 1989
8 4 1989
9 4 1989
10 4 1989
11 4 1989
12 4 1989
13 4 1989
14 4 1989
15 4 1989
16 4 1989
17 4 1989
18 4 1989
19 4 1989
20 4 1989
21 4 1989
22 4 1989
23 4 1989
24 4 1989
25 4 1989
26 4 1989
27 4 1989
28 4 1989
29 4 1989
30 4 1989
1 5 1989
2 5 1989
3 5 1989
4 5 1989
5 5 1989
6 5 1989
7 5 1989
8 5 1989
9 5 1989
10 5 1989
11 5 1989
12 5 1989
13 5 1989
14 5 1989
15 5 1989
16 5 1989
17 5 1989
18 5 1989
19 5 1989
20 5 1989
21 5 1989
22 5 1989
23 5 1989
24 5 1989
25 5 1989
26 5 1989
27 5 1989
28 5 1989
29 5 1989
30 5 1989
31 5 1989
1 6 1989
2 6 1989
3 6 1989
4 6 1989
5 6 1989
6 6 1989
7 6 1989
8 6 1989
9 6 1989
10 6 1989
11 6 1989
12 6 1989
13 6 1989
14 6 1989
15 6 1989
16 6 1989
17 6 1989
18 6 1989
19 6 1989
20 6 1989
21 6 1989
22 6 1989
23 6 1989
24 6 1989
25 6 1989
26 6 1989
27 6 1989
28 6 1989
29 6 1989
30 6 1989
1 7 1989
2 7 1989
3 7 1989
4 7 1989
5 7 1989
6 7 1989
7 7 1989
8 7 1989
9 7 1989
10 7 1989
11 7 1989
12 7 1989
13 7 1989
14 7 1989
15 7 1989
16 7 1989
17 7 1989
18 7 1989
19 7 1989
20 7 1989
21 7 1989
22 7 1989
23 7 1989
24 7 1989
25 7 1989
26 7 1989
27 7 1989
28 7 1989
29 7 1989
30 7 1989
31 7 1989
1 8 1989
2 8 1989
3 8 1989
4 8 1989
5 8 1989
6 8 1989
7 8 1989
8 8 1989
9 8 1989
10 8 1989
11 8 1989
12 8 1989
13 8 1989
14 8 1989
15 8 1989
16 8 1989
17 8 1989
18 8 1989
19 8 1989
20 8 1989
21 8 1989
22 8 1989
23 8 1989
24 8 1989
25 8 1989
26 8 1989
27 8 1989
28 8 1989
29 8 1989
30 8 1989
31 8 1989
1 9 1989
2 9 1989
3 9 1989
4 9 1989
5 9 1989
6 9 1989
7 9 1989
8 9 1989
9 9 1989
10 9 1989
11 9 1989
12 9 1989
13 9 1989
14 9 1989
15 9 1989
16 9 1989
17 9 1989
18 9 1989
19 9 1989
20 9 1989
21 9 1989
22 9 1989
23 9 1989
24 9 1989
25 9 1989
26 9 1989
27 9 1989
28 9 1989
29 9 1989
30 9 1989
1 10 1989
2 10 1989
3 10 1989
4 10 1989
5 10 1989
6 10 1989
7 10 1989
8 10 1989
9 10 1989
10 10 1989
11 10 1989
12 10 1989
13 10 1989
14 10 1989
15 10 1989
16 10 1989
17 10 1989
18 10 1989
19 10 1989
20 10 1989
21 10 1989
22 10 1989
23 10 1989
24 10 1989
25 10 1989
26 10 1989
27 10 1989
28 10 1989
29 10 1989
30 10 1989
31 10 1989
1 11 1989
2 11 1989
3 11 1989
4 11 1989
5 11 1989
6 11 1989
7 11 1989
8 11 1989
9 11 1989
10 11 1989
11 11 1989
12 11 1989
13 11 1989
14 11 1989
15 11 1989
16 11 1989
17 11 1989
18 11 1989
19 11 1989
20 11 1989
21 11 1989
22 11 1989
23 11 1989
24 11 1989
25 11 1989
26 11 1989
27 11 1989
28 11 1989
29 11 1989
30 11 1989
1 12 1989
2 12 1989
3 12 1989
4 12 1989
5 12 1989
6 12 1989
7 12 1989
8 12 1989
9 12 1989
10 12 1989
11 12 1989
12 12 1989
13 12 1989
14 12 1989
15 12 1989
16 12 1989
17 12 1989
18 12 1989
19 12 1989
20 12 1989
21 12 1989
22 12 1989
23 12 1989
24 12 1989
25 12 1989
26 12 1989
27 12 1989
28 12 1989
29 12 1989
30 12 1989
31 12 1989
1 1 1990
2 1 1990
3 1 1990
4 1 1990
5 1 1990
6 1 1990
7 1 1990
8 1 1990
9 1 1990
10 1 1990
11 1 1990
12 1 1990
13 1 1990
14 1 1990
15 1 1990
16 1 1990
17 1 1990
18 1 1990
19 1 1990
20 1 1990
21 1 1990
22 1 1990
23 1 1990
24 1 1990
25 1 1990
26 1 1990
27 1 1990
28 1 1990
29 1 1990
30 1 1990
31 1 1990
1 2 1990
2 2 1990
3 2 1990
4 2 1990
5 2 1990
6 2 1990
7 2 1990
8 2 1990
9 2 1990
10 2 1990
11 2 1990
12 2 1990
13 2 1990
14 2 1990
15 2 1990
16 2 1990
17 2 1990
18 2 1990
19 2 1990
20 2 1990
21 2 1990
22 2 1990
23 2 1990
24 2 1990
25 2 1990
26 2 1990
27 2 1990
28 2 1990
1 3 1990
2 3 1990
3 3 1990
4 3 1990
5 3 1990
6 3 1990
7 3 1990
8 3 1990
9 3 1990
10 3 1990
11 3 1990
12 3 1990
13 3 1990
14 3 1990
15 3 1990
16 3 1990
17 3 1990
18 3 1990
19 3 1990
20 3 1990
21 3 1990
22 3 1990
23 3 1990
24 3 1990
25 3 1990
26 3 1990
27 3 1990
28 3 1990
29 3 1990
30 3 1990
31 3 1990
1 4 1990
2 4 1990
3 4 1990
4 4 1990
5 4 1990
6 4 1990
7 4 1990
8 4 1990
9 4 1990
10 4 1990
11 4 1990
12 4 1990
13 4 1990
14 4 1990
15 4 1990
16 4 1990
17 4 1990
18 4 1990
19 4 1990
20 4 1990
21 4 1990
22 4 1990
23 4 1990
24 4 1990
25 4 1990
26 4 1990
27 4 1990
28 4 1990
29 4 1990
30 4 1990
1 5 1990
2 5 1990
3 5 1990
4 5 1990
5 5 1990
6 5 1990
7 5 1990
8 5 1990
9 5 1990
10 5 1990
11 5 1990
12 5 1990
13 5 1990
14 5 1990
15 5 1990
16 5 1990
17 5 1990
18 5 1990
19 5 1990
20 5 1990
21 5 1990
22 5 1990
23 5 1990
24 5 1990
25 5 1990
26 5 1990
27 5 1990
28 5 1990
29 5 1990
30 5 1990
31 5 1990
1 6 1990
2 6 1990
3 6 1990
4 6 1990
5 6 1990
6 6 1990
7 6 1990
8 6 1990
9 6 1990
10 6 1990
11 6 1990
12 6 1990
13 6 1990
14 6 1990
15 6 1990
16 6 1990
17 6 1990
18 6 1990
19 6 1990
20 6 1990
21 6 1990
22 6 1990
23 6 1990
24 6 1990
25 6 1990
26 6 1990
27 6 1990
28 6 1990
29 6 1990
30 6 1990
1 7 1990
2 7 1990
3 7 1990
4 7 1990
5 7 1990
6 7 1990
7 7 1990
8 7 1990
9 7 1990
10 7 1990
11 7 1990
12 7 1990
13 7 1990
14 7 1990
15 7 1990
16 7 1990
17 7 1990
18 7 1990
19 7 1990
20 7 1990
21 7 1990
22 7 1990
23 7 1990
24 7 1990
25 7 1990
26 7 1990
27 7 1990
28 7 1990
29 7 1990
30 7 1990
31 7 1990
1 8 1990
2 8 1990
3 8 1990
4 8 1990
5 8 1990
6 8 1990
7 8 1990
8 8 1990
9 8 1990
10 8 1990
11 8 1990
12 8 1990
13 8 1990
14 8 1990
15 8 1990
16 8 1990
17 8 1990
18 8 1990
19 8 1990
20 8 1990
21 8 1990
22 8 1990
23 8 1990
24 8 1990
25 8 1990
26 8 1990
27 8 1990
28 8 1990
29 8 1990
30 8 1990
31 8 1990
1 9 1990
2 9 1990
3 9 1990
4 9 1990
5 9 1990
6 9 1990
7 9 1990
8 9 1990
9 9 1990
10 9 1990
11 9 1990
12 9 1990
13 9 1990
14 9 1990
15 9 1990
16 9 1990
17 9 1990
18 9 1990
19 9 1990
20 9 1990
21 9 1990
22 9 1990
23 9 1990
24 9 1990
25 9 1990
26 9 1990
27 9 1990
28 9 1990
29 9 1990
30 9 1990
1 10 1990
2 10 1990
3 10 1990
4 10 1990
5 10 1990
6 10 1990
7 10 1990
8 10 1990
9 10 1990
10 10 1990
11 10 1990
12 10 1990
13 10 1990
14 10 1990
15 10 1990
16 10 1990
17 10 1990
18 10 1990
19 10 1990
20 10 1990
21 10 1990
22 10 1990
23 10 1990
24 10 1990
25 10 1990
26 10 1990
27 10 1990
28 10 1990
29 10 1990
30 10 1990
31 10 1990
1 11 1990
2 11 1990
3 11 1990
4 11 1990
5 11 1990
6 11 1990
7 11 1990
8 11 1990
9 11 1990
10 11 1990
11 11 1990
12 11 1990
13 11 1990
14 11 1990
15 11 1990
16 11 1990
17 11 1990
18 11 1990
19 11 1990
20 11 1990
21 11 1990
22 11 1990
23 11 1990
24 11 1990
25 11 1990
26 11 1990
27 11 1990
28 11 1990
29 11 1990
30 11 1990
1 12 1990
2 12 1990
3 12 1990
4 12 1990
5 12 1990
6 12 1990
7 12 1990
8 12 1990
9 12 1990
10 12 1990
11 12 1990
12 12 1990
13 12 1990
14 12 1990
15 12 1990
16 12 1990
17 12 1990
18 12 1990
19 12 1990
20 12 1990
21 12 1990
22 12 1990
23 12 1990
24 12 1990
25 12 1990
26 12 1990
27 12 1990
28 12 1990
29 12 1990
30 12 1990
31 12 1990
1 1 1991
2 1 1991
3 1 1991
4 1 1991
5 1 1991
6 1 1991
7 1 1991
8 1 1991
9 1 1991
10 1 1991
11 1 1991
12 1 1991
13 1 1991
14 1 1991
15 1 1991
16 1 1991
17 1 1991
18 1 1991
19 1 1991
20 1 1991
21 1 1991
22 1 1991
23 1 1991
24 1 1991
25 1 1991
26 1 1991
27 1 1991
28 1 1991
29 1 1991
30 1 1991
31 1 1991
1 2 1991
2 2 1991
3 2 1991
4 2 1991
5 2 1991
6 2 1991
7 2 1991
8 2 1991
9 2 1991
10 2 1991
11 2 1991
12 2 1991
13 2 1991
14 2 1991
15 2 1991
16 2 1991
17 2 1991
18 2 1991
19 2 1991
20 2 1991
21 2 1991
22 2 1991
23 2 1991
24 2 1991
25 2 1991
26 2 1991
27 2 1991
28 2 1991
1 3 1991
2 3 1991
3 3 1991
4 3 1991
5 3 1991
6 3 1991
7 3 1991
8 3 1991
9 3 1991
10 3 1991
11 3 1991
12 3 1991
13 3 1991
14 3 1991
15 3 1991
16 3 1991
17 3 1991
18 3 1991
19 3 1991
20 3 1991
21 3 1991
22 3 1991
23 3 1991
24 3 1991
25 3 1991
26 3 1991
27 3 1991
28 3 1991
29 3 1991
30 3 1991
31 3 1991
1 4 1991
2 4 1991
3 4 1991
4 4 1991
5 4 1991
6 4 1991
7 4 1991
8 4 1991
9 4 1991
10 4 1991
11 4 1991
12 4 1991
13 4 1991
14 4 1991
15 4 1991
16 4 1991
17 4 1991
18 4 1991
19 4 1991
20 4 1991
21 4 1991
22 4 1991
23 4 1991
24 4 1991
25 4 1991
26 4 1991
27 4 1991
28 4 1991
29 4 1991
30 4 1991
1 5 1991
2 5 1991
3 5 1991
4 5 1991
5 5 1991
6 5 1991
7 5 1991
8 5 1991
9 5 1991
10 5 1991
11 5 1991
12 5 1991
13 5 1991
14 5 1991
15 5 1991
16 5 1991
17 5 1991
18 5 1991
19 5 1991
20 5 1991
21 5 1991
22 5 1991
23 5 1991
24 5 1991
25 5 1991
26 5 1991
27 5 1991
28 5 1991
29 5 1991
30 5 1991
31 5 1991
1 6 1991
2 6 1991
3 6 1991
4 6 1991
5 6 1991
6 6 1991
7 6 1991
8 6 1991
9 6 1991
10 6 1991
11 6 1991
12 6 1991
13 6 1991
14 6 1991
15 6 1991
16 6 1991
17 6 1991
18 6 1991
19 6 1991
20 6 1991
21 6 1991
22 6 1991
23 6 1991
24 6 1991
25 6 1991
26 6 1991
27 6 1991
28 6 1991
29 6 1991
30 6 1991
1 7 1991
2 7 1991
3 7 1991
4 7 1991
5 7 1991
6 7 1991
7 7 1991
8 7 1991
9 7 1991
10 7 1991
11 7 1991
12 7 1991
13 7 1991
14 7 1991
15 7 1991
16 7 1991
17 7 1991
18 7 1991
19 7 1991
20 7 1991
21 7 1991
22 7 1991
23 7 1991
24 7 1991
25 7 1991
26 7 1991
27 7 1991
28 7 1991
29 7 1991
30 7 1991
31 7 1991
1 8 1991
2 8 1991
3 8 1991
4 8 1991
5 8 1991
6 8 1991
7 8 1991
8 8 1991
9 8 1991
10 8 1991
11 8 1991
12 8 1991
13 8 1991
14 8 1991
15 8 1991
16 8 1991
17 8 1991
18 8 1991
19 8 1991
20 8 1991
21 8 1991
22 8 1991
23 8 1991
24 8 1991
25 8 1991
26 8 1991
27 8 1991
28 8 1991
29 8 1991
30 8 1991
31 8 1991
1 9 1991
2 9 1991
3 9 1991
4 9 1991
5 9 1991
6 9 1991
7 9 1991
8 9 1991
9 9 1991
10 9 1991
11 9 1991
12 9 1991
13 9 1991
14 9 1991
15 9 1991
16 9 1991
17 9 1991
18 9 1991
19 9 1991
20 9 1991
21 9 1991
22 9 1991
23 9 1991
24 9 1991
25 9 1991
26 9 1991
27 9 1991
28 9 1991
29 9 1991
30 9 1991
1 10 1991
2 10 1991
3 10 1991
4 10 1991
5 10 1991
6 10 1991
7 10 1991
8 10 1991
9 10 1991
10 10 1991
11 10 1991
12 10 1991
13 10 1991
14 10 1991
15 10 1991
16 10 1991
17 10 1991
18 10 1991
19 10 1991
20 10 1991
21 10 1991
22 10 1991
23 10 1991
24 10 1991
25 10 1991
26 10 1991
27 10 1991
28 10 1991
29 10 1991
30 10 1991
31 10 1991
1 11 1991
2 11 1991
3 11 1991
4 11 1991
5 11 1991
6 11 1991
7 11 1991
8 11 1991
9 11 1991
10 11 1991
11 11 1991
12 11 1991
13 11 1991
14 11 1991
15 11 1991
16 11 1991
17 11 1991
18 11 1991
19 11 1991
20 11 1991
21 11 1991
22 11 1991
23 11 1991
24 11 1991
25 11 1991
26 11 1991
27 11 1991
28 11 1991
29 11 1991
30 11 1991
1 12 1991
2 12 1991
3 12 1991
4 12 1991
5 12 1991
6 12 1991
7 12 1991
8 12 1991
9 12 1991
10 12 1991
11 12 1991
12 12 1991
13 12 1991
14 12 1991
15 12 1991
16 12 1991
17 12 1991
18 12 1991
19 12 1991
20 12 1991
21 12 1991
22 12 1991
23 12 1991
24 12 1991
25 12 1991
26 12 1991
27 12 1991
28 12 1991
29 12 1991
30 12 1991
31 12 1991
1 1 1992
2 1 1992
3 1 1992
4 1 1992
5 1 1992
6 1 1992
7 1 1992
8 1 1992
9 1 1992
10 1 1992
11 1 1992
12 1 1992
13 1 1992
14 1 1992
15 1 1992
16 1 1992
17 1 1992
18 1 1992
19 1 1992
20 1 1992
21 1 1992
22 1 1992
23 1 1992
24 1 1992
25 1 1992
26 1 1992
27 1 1992
28 1 1992
29 1 1992
30 1 1992
31 1 1992
1 2 1992
2 2 1992
3 2 1992
4 2 1992
5 2 1992
6 2 1992
7 2 1992
8 2 1992
9 2 1992
10 2 1992
11 2 1992
12 2 1992
13 2 1992
14 2 1992
15 2 1992
16 2 1992
17 2 1992
18 2 1992
19 2 1992
20 2 1992
21 2 1992
22 2 1992
23 2 1992
24 2 1992
25 2 1992
26 2 1992
27 2 1992
28 2 1992
29 2 1992
1 3 1992
2 3 1992
3 3 1992
4 3 1992
5 3 1992
6 3 1992
7 3 1992
8 3 1992
9 3 1992
10 3 1992
11 3 1992
12 3 1992
13 3 1992
14 3 1992
15 3 1992
16 3 1992
17 3 1992
18 3 1992
19 3 1992
20 3 1992
21 3 1992
22 3 1992
23 3 1992
24 3 1992
25 3 1992
26 3 1992
27 3 1992
28 3 1992
29 3 1992
30 3 1992
31 3 1992
1 4 1992
2 4 1992
3 4 1992
4 4 1992
5 4 1992
6 4 1992
7 4 1992
8 4 1992
9 4 1992
10 4 1992
11 4 1992
12 4 1992
13 4 1992
14 4 1992
15 4 1992
16 4 1992
17 4 1992
18 4 1992
19 4 1992
20 4 1992
21 4 1992
22 4 1992
23 4 1992
24 4 1992
25 4 1992
26 4 1992
27 4 1992
28 4 1992
29 4 1992
30 4 1992
1 5 1992
2 5 1992
3 5 1992
4 5 1992
5 5 1992
6 5 1992
7 5 1992
8 5 1992
9 5 1992
10 5 1992
11 5 1992
12 5 1992
13 5 1992
14 5 1992
15 5 1992
16 5 1992
17 5 1992
18 5 1992
19 5 1992
20 5 1992
21 5 1992
22 5 1992
23 5 1992
24 5 1992
25 5 1992
26 5 1992
27 5 1992
28 5 1992
29 5 1992
30 5 1992
31 5 1992
1 6 1992
2 6 1992
3 6 1992
4 6 1992
5 6 1992
6 6 1992
7 6 1992
8 6 1992
9 6 1992
10 6 1992
11 6 1992
12 6 1992
13 6 1992
14 6 1992
15 6 1992
16 6 1992
17 6 1992
18 6 1992
19 6 1992
20 6 1992
21 6 1992
22 6 1992
23 6 1992
24 6 1992
25 6 1992
26 6 1992
27 6 1992
28 6 1992
29 6 1992
30 6 1992
1 7 1992
2 7 1992
3 7 1992
4 7 1992
5 7 1992
6 7 1992
7 7 1992
8 7 1992
9 7 1992
10 7 1992
11 7 1992
12 7 1992
13 7 1992
14 7 1992
15 7 1992
16 7 1992
17 7 1992
18 7 1992
19 7 1992
20 7 1992
21 7 1992
22 7 1992
23 7 1992
24 7 1992
25 7 1992
26 7 1992
27 7 1992
28 7 1992
29 7 1992
30 7 1992
31 7 1992
1 8 1992
2 8 1992
3 8 1992
4 8 1992
5 8 1992
6 8 1992
7 8 1992
8 8 1992
9 8 1992
10 8 1992
11 8 1992
12 8 1992
13 8 1992
14 8 1992
15 8 1992
16 8 1992
17 8 1992
18 8 1992
19 8 1992
20 8 1992
21 8 1992
22 8 1992
23 8 1992
24 8 1992
25 8 1992
26 8 1992
27 8 1992
28 8 1992
29 8 1992
30 8 1992
31 8 1992
1 9 1992
2 9 1992
3 9 1992
4 9 1992
5 9 1992
6 9 1992
7 9 1992
8 9 1992
9 9 1992
10 9 1992
11 9 1992
12 9 1992
13 9 1992
14 9 1992
15 9 1992
16 9 1992
17 9 1992
18 9 1992
19 9 1992
20 9 1992
21 9 1992
22 9 1992
23 9 1992
24 9 1992
25 9 1992
26 9 1992
27 9 1992
28 9 1992
29 9 1992
30 9 1992
1 10 1992
2 10 1992
3 10 1992
4 10 1992
5 10 1992
6 10 1992
7 10 1992
8 10 1992
9 10 1992
10 10 1992
11 10 1992
12 10 1992
13 10 1992
14 10 1992
15 10 1992
16 10 1992
17 10 1992
18 10 1992
19 10 1992
20 10 1992
21 10 1992
22 10 1992
23 10 1992
24 10 1992
25 10 1992
26 10 1992
27 10 1992
28 10 1992
29 10 1992
30 10 1992
31 10 1992
1 11 1992
2 11 1992
3 11 1992
4 11 1992
5 11 1992
6 11 1992
7 11 1992
8 11 1992
9 11 1992
10 11 1992
11 11 1992
12 11 1992
13 11 1992
14 11 1992
15 11 1992
16 11 1992
17 11 1992
18 11 1992
19 11 1992
20 11 1992
21 11 1992
22 11 1992
23 11 1992
24 11 1992
25 11 1992
26 11 1992
27 11 1992
28 11 1992
29 11 1992
30 11 1992
1 12 1992
2 12 1992
3 12 1992
4 12 1992
5 12 1992
6 12 1992
7 12 1992
8 12 1992
9 12 1992
10 12 1992
11 12 1992
12 12 1992
13 12 1992
14 12 1992
15 12 1992
16 12 1992
17 12 1992
18 12 1992
19 12 1992
20 12 1992
21 12 1992
22 12 1992
23 12 1992
24 12 1992
25 12 1992
26 12 1992
27 12 1992
28 12 1992
29 12 1992
30 12 1992
31 12 1992
1 1 1993
2 1 1993
3 1 1993
4 1 1993
5 1 1993
6 1 1993
7 1 1993
8 1 1993
9 1 1993
10 1 1993
11 1 1993
12 1 1993
13 1 1993
14 1 1993
15 1 1993
16 1 1993
17 1 1993
18 1 1993
19 1 1993
20 1 1993
21 1 1993
22 1 1993
23 1 1993
24 1 1993
25 1 1993
26 1 1993
27 1 1993
28 1 1993
29 1 1993
30 1 1993
31 1 1993
1 2 1993
2 2 1993
3 2 1993
4 2 1993
5 2 1993
6 2 1993
7 2 1993
8 2 1993
9 2 1993
10 2 1993
11 2 1993
12 2 1993
13 2 1993
14 2 1993
15 2 1993
16 2 1993
17 2 1993
18 2 1993
19 2 1993
20 2 1993
21 2 1993
22 2 1993
23 2 1993
24 2 1993
25 2 1993
26 2 1993
27 2 1993
28 2 1993
1 3 1993
2 3 1993
3 3 1993
4 3 1993
5 3 1993
6 3 1993
7 3 1993
8 3 1993
9 3 1993
10 3 1993
11 3 1993
12 3 1993
13 3 1993
14 3 1993
15 3 1993
16 3 1993
17 3 1993
18 3 1993
19 3 1993
20 3 1993
21 3 1993
22 3 1993
23 3 1993
24 3 1993
25 3 1993
26 3 1993
27 3 1993
28 3 1993
29 3 1993
30 3 1993
31 3 1993
1 4 1993
2 4 1993
3 4 1993
4 4 1993
5 4 1993
6 4 1993
7 4 1993
8 4 1993
9 4 1993
10 4 1993
11 4 1993
12 4 1993
13 4 1993
14 4 1993
15 4 1993
16 4 1993
17 4 1993
18 4 1993
19 4 1993
20 4 1993
21 4 1993
22 4 1993
23 4 1993
24 4 1993
25 4 1993
26 4 1993
27 4 1993
28 4 1993
29 4 1993
30 4 1993
1 5 1993
2 5 1993
3 5 1993
4 5 1993
5 5 1993
6 5 1993
7 5 1993
8 5 1993
9 5 1993
10 5 1993
11 5 1993
12 5 1993
13 5 1993
14 5 1993
15 5 1993
16 5 1993
17 5 1993
18 5 1993
19 5 1993
20 5 1993
21 5 1993
22 5 1993
23 5 1993
24 5 1993
25 5 1993
26 5 1993
27 5 1993
28 5 1993
29 5 1993
30 5 1993
31 5 1993
1 6 1993
2 6 1993
3 6 1993
4 6 1993
5 6 1993
6 6 1993
7 6 1993
8 6 1993
9 6 1993
10 6 1993
11 6 1993
12 6 1993
13 6 1993
14 6 1993
15 6 1993
16 6 1993
17 6 1993
18 6 1993
19 6 1993
20 6 1993
21 6 1993
22 6 1993
23 6 1993
24 6 1993
25 6 1993
26 6 1993
27 6 1993
28 6 1993
29 6 1993
30 6 1993
1 7 1993
2 7 1993
3 7 1993
4 7 1993
5 7 1993
6 7 1993
7 7 1993
8 7 1993
9 7 1993
10 7 1993
11 7 1993
12 7 1993
13 7 1993
14 7 1993
15 7 1993
16 7 1993
17 7 1993
18 7 1993
19 7 1993
20 7 1993
21 7 1993
22 7 1993
23 7 1993
24 7 1993
25 7 1993
26 7 1993
27 7 1993
28 7 1993
29 7 1993
30 7 1993
31 7 1993
1 8 1993
2 8 1993
3 8 1993
4 8 1993
5 8 1993
6 8 1993
7 8 1993
8 8 1993
9 8 1993
10 8 1993
11 8 1993
12 8 1993
13 8 1993
14 8 1993
15 8 1993
16 8 1993
17 8 1993
18 8 1993
19 8 1993
20 8 1993
21 8 1993
22 8 1993
23 8 1993
24 8 1993
25 8 1993
26 8 1993
27 8 1993
28 8 1993
29 8 1993
30 8 1993
31 8 1993
1 9 1993
2 9 1993
3 9 1993
4 9 1993
5 9 1993
6 9 1993
7 9 1993
8 9 1993
9 9 1993
10 9 1993
11 9 1993
12 9 1993
13 9 1993
14 9 1993
15 9 1993
16 9 1993
17 9 1993
18 9 1993
19 9 1993
20 9 1993
21 9 1993
22 9 1993
23 9 1993
24 9 1993
25 9 1993
26 9 1993
27 9 1993
28 9 1993
29 9 1993
30 9 1993
1 10 1993
2 10 1993
3 10 1993
4 10 1993
5 10 1993
6 10 1993
7 10 1993
8 10 1993
9 10 1993
10 10 1993
11 10 1993
12 10 1993
13 10 1993
14 10 1993
15 10 1993
16 10 1993
17 10 1993
18 10 1993
19 10 1993
20 10 1993
21 10 1993
22 10 1993
23 10 1993
24 10 1993
25 10 1993
26 10 1993
27 10 1993
28 10 1993
29 10 1993
30 10 1993
31 10 1993
1 11 1993
2 11 1993
3 11 1993
4 11 1993
5 11 1993
6 11 1993
7 11 1993
8 11 1993
9 11 1993
10 11 1993
11 11 1993
12 11 1993
13 11 1993
14 11 1993
15 11 1993
16 11 1993
17 11 1993
18 11 1993
19 11 1993
20 11 1993
21 11 1993
22 11 1993
23 11 1993
24 11 1993
25 11 1993
26 11 1993
27 11 1993
28 11 1993
29 11 1993
30 11 1993
1 12 1993
2 12 1993
3 12 1993
4 12 1993
5 12 1993
6 12 1993
7 12 1993
8 12 1993
9 12 1993
10 12 1993
11 12 1993
12 12 1993
13 12 1993
14 12 1993
15 12 1993
16 12 1993
17 12 1993
18 12 1993
19 12 1993
20 12 1993
21 12 1993
22 12 1993
23 12 1993
24 12 1993
25 12 1993
26 12 1993
27 12 1993
28 12 1993
29 12 1993
30 12 1993
31 12 1993
1 1 1994
2 1 1994
3 1 1994
4 1 1994
5 1 1994
6 1 1994
7 1 1994
8 1 1994
9 1 1994
10 1 1994
11 1 1994
12 1 1994
13 1 1994
14 1 1994
15 1 1994
16 1 1994
17 1 1994
18 1 1994
19 1 1994
20 1 1994
21 1 1994
22 1 1994
23 1 1994
24 1 1994
25 1 1994
26 1 1994
27 1 1994
28 1 1994
29 1 1994
30 1 1994
31 1 1994
1 2 1994
2 2 1994
3 2 1994
4 2 1994
5 2 1994
6 2 1994
7 2 1994
8 2 1994
9 2 1994
10 2 1994
11 2 1994
12 2 1994
13 2 1994
14 2 1994
15 2 1994
16 2 1994
17 2 1994
18 2 1994
19 2 1994
20 2 1994
21 2 1994
22 2 1994
23 2 1994
24 2 1994
25 2 1994
26 2 1994
27 2 1994
28 2 1994
1 3 1994
2 3 1994
3 3 1994
4 3 1994
5 3 1994
6 3 1994
7 3 1994
8 3 1994
9 3 1994
10 3 1994
11 3 1994
12 3 1994
13 3 1994
14 3 1994
15 3 1994
16 3 1994
17 3 1994
18 3 1994
19 3 1994
20 3 1994
21 3 1994
22 3 1994
23 3 1994
24 3 1994
25 3 1994
26 3 1994
27 3 1994
28 3 1994
29 3 1994
30 3 1994
31 3 1994
1 4 1994
2 4 1994
3 4 1994
4 4 1994
5 4 1994
6 4 1994
7 4 1994
8 4 1994
9 4 1994
10 4 1994
11 4 1994
12 4 1994
13 4 1994
14 4 1994
15 4 1994
16 4 1994
17 4 1994
18 4 1994
19 4 1994
20 4 1994
21 4 1994
22 4 1994
23 4 1994
24 4 1994
25 4 1994
26 4 1994
27 4 1994
28 4 1994
29 4 1994
30 4 1994
1 5 1994
2 5 1994
3 5 1994
4 5 1994
5 5 1994
6 5 1994
7 5 1994
8 5 1994
9 5 1994
10 5 1994
11 5 1994
12 5 1994
13 5 1994
14 5 1994
15 5 1994
16 5 1994
17 5 1994
18 5 1994
19 5 1994
20 5 1994
21 5 1994
22 5 1994
23 5 1994
24 5 1994
25 5 1994
26 5 1994
27 5 1994
28 5 1994
29 5 1994
30 5 1994
31 5 1994
1 6 1994
2 6 1994
3 6 1994
4 6 1994
5 6 1994
6 6 1994
7 6 1994
8 6 1994
9 6 1994
10 6 1994
11 6 1994
12 6 1994
13 6 1994
14 6 1994
15 6 1994
16 6 1994
17 6 1994
18 6 1994
19 6 1994
20 6 1994
21 6 1994
22 6 1994
23 6 1994
24 6 1994
25 6 1994
26 6 1994
27 6 1994
28 6 1994
29 6 1994
30 6 1994
1 7 1994
2 7 1994
3 7 1994
4 7 1994
5 7 1994
6 7 1994
7 7 1994
8 7 1994
9 7 1994
10 7 1994
11 7 1994
12 7 1994
13 7 1994
14 7 1994
15 7 1994
16 7 1994
17 7 1994
18 7 1994
19 7 1994
20 7 1994
21 7 1994
22 7 1994
23 7 1994
24 7 1994
25 7 1994
26 7 1994
27 7 1994
28 7 1994
29 7 1994
30 7 1994
31 7 1994
1 8 1994
2 8 1994
3 8 1994
4 8 1994
5 8 1994
6 8 1994
7 8 1994
8 8 1994
9 8 1994
10 8 1994
11 8 1994
12 8 1994
13 8 1994
14 8 1994
15 8 1994
16 8 1994
17 8 1994
18 8 1994
19 8 1994
20 8 1994
21 8 1994
22 8 1994
23 8 1994
24 8 1994
25 8 1994
26 8 1994
27 8 1994
28 8 1994
29 8 1994
30 8 1994
31 8 1994
1 9 1994
2 9 1994
3 9 1994
4 9 1994
5 9 1994
6 9 1994
7 9 1994
8 9 1994
9 9 1994
10 9 1994
11 9 1994
12 9 1994
13 9 1994
14 9 1994
15 9 1994
16 9 1994
17 9 1994
18 9 1994
19 9 1994
20 9 1994
21 9 1994
22 9 1994
23 9 1994
24 9 1994
25 9 1994
26 9 1994
27 9 1994
28 9 1994
29 9 1994
30 9 1994
1 10 1994
2 10 1994
3 10 1994
4 10 1994
5 10 1994
6 10 1994
7 10 1994
8 10 1994
9 10 1994
10 10 1994
11 10 1994
12 10 1994
13 10 1994
14 10 1994
15 10 1994
16 10 1994
17 10 1994
18 10 1994
19 10 1994
20 10 1994
21 10 1994
22 10 1994
23 10 1994
24 10 1994
25 10 1994
26 10 1994
27 10 1994
28 10 1994
29 10 1994
30 10 1994
31 10 1994
1 11 1994
2 11 1994
3 11 1994
4 11 1994
5 11 1994
6 11 1994
7 11 1994
8 11 1994
9 11 1994
10 11 1994
11 11 1994
12 11 1994
13 11 1994
14 11 1994
15 11 1994
16 11 1994
17 11 1994
18 11 1994
19 11 1994
20 11 1994
21 11 1994
22 11 1994
23 11 1994
24 11 1994
25 11 1994
26 11 1994
27 11 1994
28 11 1994
29 11 1994
30 11 1994
1 12 1994
2 12 1994
3 12 1994
4 12 1994
5 12 1994
6 12 1994
7 12 1994
8 12 1994
9 12 1994
10 12 1994
11 12 1994
12 12 1994
13 12 1994
14 12 1994
15 12 1994
16 12 1994
17 12 1994
18 12 1994
19 12 1994
20 12 1994
21 12 1994
22 12 1994
23 12 1994
24 12 1994
25 12 1994
26 12 1994
27 12 1994
28 12 1994
29 12 1994
30 12 1994
31 12 1994
1 1 1995
2 1 1995
3 1 1995
4 1 1995
5 1 1995
6 1 1995
7 1 1995
8 1 1995
9 1 1995
10 1 1995
11 1 1995
12 1 1995
13 1 1995
14 1 1995
15 1 1995
16 1 1995
17 1 1995
18 1 1995
19 1 1995
20 1 1995
21 1 1995
22 1 1995
23 1 1995
24 1 1995
25 1 1995
26 1 1995
27 1 1995
28 1 1995
29 1 1995
30 1 1995
31 1 1995
1 2 1995
2 2 1995
3 2 1995
4 2 1995
5 2 1995
6 2 1995
7 2 1995
8 2 1995
9 2 1995
10 2 1995
11 2 1995
12 2 1995
13 2 1995
14 2 1995
15 2 1995
16 2 1995
17 2 1995
18 2 1995
19 2 1995
20 2 1995
21 2 1995
22 2 1995
23 2 1995
24 2 1995
25 2 1995
26 2 1995
27 2 1995
28 2 1995
1 3 1995
2 3 1995
3 3 1995
4 3 1995
5 3 1995
6 3 1995
7 3 1995
8 3 1995
9 3 1995
10 3 1995
11 3 1995
12 3 1995
13 3 1995
14 3 1995
15 3 1995
16 3 1995
17 3 1995
18 3 1995
19 3 1995
20 3 1995
21 3 1995
22 3 1995
23 3 1995
24 3 1995
25 3 1995
26 3 1995
27 3 1995
28 3 1995
29 3 1995
30 3 1995
31 3 1995
1 4 1995
2 4 1995
3 4 1995
4 4 1995
5 4 1995
6 4 1995
7 4 1995
8 4 1995
9 4 1995
10 4 1995
11 4 1995
12 4 1995
13 4 1995
14 4 1995
15 4 1995
16 4 1995
17 4 1995
18 4 1995
19 4 1995
20 4 1995
21 4 1995
22 4 1995
23 4 1995
24 4 1995
25 4 1995
26 4 1995
27 4 1995
28 4 1995
29 4 1995
30 4 1995
1 5 1995
2 5 1995
3 5 1995
4 5 1995
5 5 1995
6 5 1995
7 5 1995
8 5 1995
9 5 1995
10 5 1995
11 5 1995
12 5 1995
13 5 1995
14 5 1995
15 5 1995
16 5 1995
17 5 1995
18 5 1995
19 5 1995
20 5 1995
21 5 1995
22 5 1995
23 5 1995
24 5 1995
25 5 1995
26 5 1995
27 5 1995
28 5 1995
29 5 1995
30 5 1995
31 5 1995
1 6 1995
2 6 1995
3 6 1995
4 6 1995
5 6 1995
6 6 1995
7 6 1995
8 6 1995
9 6 1995
10 6 1995
11 6 1995
12 6 1995
13 6 1995
14 6 1995
15 6 1995
16 6 1995
17 6 1995
18 6 1995
19 6 1995
20 6 1995
21 6 1995
22 6 1995
23 6 1995
24 6 1995
25 6 1995
26 6 1995
27 6 1995
28 6 1995
29 6 1995
30 6 1995
1 7 1995
2 7 1995
3 7 1995
4 7 1995
5 7 1995
6 7 1995
7 7 1995
8 7 1995
9 7 1995
10 7 1995
11 7 1995
12 7 1995
13 7 1995
14 7 1995
15 7 1995
16 7 1995
17 7 1995
18 7 1995
19 7 1995
20 7 1995
21 7 1995
22 7 1995
23 7 1995
24 7 1995
25 7 1995
26 7 1995
27 7 1995
28 7 1995
29 7 1995
30 7 1995
31 7 1995
1 8 1995
2 8 1995
3 8 1995
4 8 1995
5 8 1995
6 8 1995
7 8 1995
8 8 1995
9 8 1995
10 8 1995
11 8 1995
12 8 1995
13 8 1995
14 8 1995
15 8 1995
16 8 1995
17 8 1995
18 8 1995
19 8 1995
20 8 1995
21 8 1995
22 8 1995
23 8 1995
24 8 1995
25 8 1995
26 8 1995
27 8 1995
28 8 1995
29 8 1995
30 8 1995
31 8 1995
1 9 1995
2 9 1995
3 9 1995
4 9 1995
5 9 1995
6 9 1995
7 9 1995
8 9 1995
9 9 1995
10 9 1995
11 9 1995
12 9 1995
13 9 1995
14 9 1995
15 9 1995
16 9 1995
17 9 1995
18 9 1995
19 9 1995
20 9 1995
21 9 1995
22 9 1995
23 9 1995
24 9 1995
25 9 1995
26 9 1995
27 9 1995
28 9 1995
29 9 1995
30 9 1995
1 10 1995
2 10 1995
3 10 1995
4 10 1995
5 10 1995
6 10 1995
7 10 1995
8 10 1995
9 10 1995
10 10 1995
11 10 1995
12 10 1995
13 10 1995
14 10 1995
15 10 1995
16 10 1995
17 10 1995
18 10 1995
19 10 1995
20 10 1995
21 10 1995
22 10 1995
23 10 1995
24 10 1995
25 10 1995
26 10 1995
27 10 1995
28 10 1995
29 10 1995
30 10 1995
31 10 1995
1 11 1995
2 11 1995
3 11 1995
4 11 1995
5 11 1995
6 11 1995
7 11 1995
8 11 1995
9 11 1995
10 11 1995
11 11 1995
12 11 1995
13 11 1995
14 11 1995
15 11 1995
16 11 1995
17 11 1995
18 11 1995
19 11 1995
20 11 1995
21 11 1995
22 11 1995
23 11 1995
24 11 1995
25 11 1995
26 11 1995
27 11 1995
28 11 1995
29 11 1995
30 11 1995
1 12 1995
2 12 1995
3 12 1995
4 12 1995
5 12 1995
6 12 1995
7 12 1995
8 12 1995
9 12 1995
10 12 1995
11 12 1995
12 12 1995
13 12 1995
14 12 1995
15 12 1995
16 12 1995
17 12 1995
18 12 1995
19 12 1995
20 12 1995
21 12 1995
22 12 1995
23 12 1995
24 12 1995
25 12 1995
26 12 1995
27 12 1995
28 12 1995
29 12 1995
30 12 1995
31 12 1995
1 1 1996
2 1 1996
3 1 1996
4 1 1996
5 1 1996
6 1 1996
7 1 1996
8 1 1996
9 1 1996
10 1 1996
11 1 1996
12 1 1996
13 1 1996
14 1 1996
15 1 1996
16 1 1996
17 1 1996
18 1 1996
19 1 1996
20 1 1996
21 1 1996
22 1 1996
23 1 1996
24 1 1996
25 1 1996
26 1 1996
27 1 1996
28 1 1996
29 1 1996
30 1 1996
31 1 1996
1 2 1996
2 2 1996
3 2 1996
4 2 1996
5 2 1996
6 2 1996
7 2 1996
8 2 1996
9 2 1996
10 2 1996
11 2 1996
12 2 1996
13 2 1996
14 2 1996
15 2 1996
16 2 1996
17 2 1996
18 2 1996
19 2 1996
20 2 1996
21 2 1996
22 2 1996
23 2 1996
24 2 1996
25 2 1996
26 2 1996
27 2 1996
28 2 1996
29 2 1996
1 3 1996
2 3 1996
3 3 1996
4 3 1996
5 3 1996
6 3 1996
7 3 1996
8 3 1996
9 3 1996
10 3 1996
11 3 1996
12 3 1996
13 3 1996
14 3 1996
15 3 1996
16 3 1996
17 3 1996
18 3 1996
19 3 1996
20 3 1996
21 3 1996
22 3 1996
23 3 1996
24 3 1996
25 3 1996
26 3 1996
27 3 1996
28 3 1996
29 3 1996
30 3 1996
31 3 1996
1 4 1996
2 4 1996
3 4 1996
4 4 1996
5 4 1996
6 4 1996
7 4 1996
8 4 1996
9 4 1996
10 4 1996
11 4 1996
12 4 1996
13 4 1996
14 4 1996
15 4 1996
16 4 1996
17 4 1996
18 4 1996
19 4 1996
20 4 1996
21 4 1996
22 4 1996
23 4 1996
24 4 1996
25 4 1996
26 4 1996
27 4 1996
28 4 1996
29 4 1996
30 4 1996
1 5 1996
2 5 1996
3 5 1996
4 5 1996
5 5 1996
6 5 1996
7 5 1996
8 5 1996
9 5 1996
10 5 1996
11 5 1996
12 5 1996
13 5 1996
14 5 1996
15 5 1996
16 5 1996
17 5 1996
18 5 1996
19 5 1996
20 5 1996
21 5 1996
22 5 1996
23 5 1996
24 5 1996
25 5 1996
26 5 1996
27 5 1996
28 5 1996
29 5 1996
30 5 1996
31 5 1996
1 6 1996
2 6 1996
3 6 1996
4 6 1996
5 6 1996
6 6 1996
7 6 1996
8 6 1996
9 6 1996
10 6 1996
11 6 1996
12 6 1996
13 6 1996
14 6 1996
15 6 1996
16 6 1996
17 6 1996
18 6 1996
19 6 1996
20 6 1996
21 6 1996
22 6 1996
23 6 1996
24 6 1996
25 6 1996
26 6 1996
27 6 1996
28 6 1996
29 6 1996
30 6 1996
1 7 1996
2 7 1996
3 7 1996
4 7 1996
5 7 1996
6 7 1996
7 7 1996
8 7 1996
9 7 1996
10 7 1996
11 7 1996
12 7 1996
13 7 1996
14 7 1996
15 7 1996
16 7 1996
17 7 1996
18 7 1996
19 7 1996
20 7 1996
21 7 1996
22 7 1996
23 7 1996
24 7 1996
25 7 1996
26 7 1996
27 7 1996
28 7 1996
29 7 1996
30 7 1996
31 7 1996
1 8 1996
2 8 1996
3 8 1996
4 8 1996
5 8 1996
6 8 1996
7 8 1996
8 8 1996
9 8 1996
10 8 1996
11 8 1996
12 8 1996
13 8 1996
14 8 1996
15 8 1996
16 8 1996
17 8 1996
18 8 1996
19 8 1996
20 8 1996
21 8 1996
22 8 1996
23 8 1996
24 8 1996
25 8 1996
26 8 1996
27 8 1996
28 8 1996
29 8 1996
30 8 1996
31 8 1996
1 9 1996
2 9 1996
3 9 1996
4 9 1996
5 9 1996
6 9 1996
7 9 1996
8 9 1996
9 9 1996
10 9 1996
11 9 1996
12 9 1996
13 9 1996
14 9 1996
15 9 1996
16 9 1996
17 9 1996
18 9 1996
19 9 1996
20 9 1996
21 9 1996
22 9 1996
23 9 1996
24 9 1996
25 9 1996
26 9 1996
27 9 1996
28 9 1996
29 9 1996
30 9 1996
1 10 1996
2 10 1996
3 10 1996
4 10 1996
5 10 1996
6 10 1996
7 10 1996
8 10 1996
9 10 1996
10 10 1996
11 10 1996
12 10 1996
13 10 1996
14 10 1996
15 10 1996
16 10 1996
17 10 1996
18 10 1996
19 10 1996
20 10 1996
21 10 1996
22 10 1996
23 10 1996
24 10 1996
25 10 1996
26 10 1996
27 10 1996
28 10 1996
29 10 1996
30 10 1996
31 10 1996
1 11 1996
2 11 1996
3 11 1996
4 11 1996
5 11 1996
6 11 1996
7 11 1996
8 11 1996
9 11 1996
10 11 1996
11 11 1996
12 11 1996
13 11 1996
14 11 1996
15 11 1996
16 11 1996
17 11 1996
18 11 1996
19 11 1996
20 11 1996
21 11 1996
22 11 1996
23 11 1996
24 11 1996
25 11 1996
26 11 1996
27 11 1996
28 11 1996
29 11 1996
30 11 1996
1 12 1996
2 12 1996
3 12 1996
4 12 1996
5 12 1996
6 12 1996
7 12 1996
8 12 1996
9 12 1996
10 12 1996
11 12 1996
12 12 1996
13 12 1996
14 12 1996
15 12 1996
16 12 1996
17 12 1996
18 12 1996
19 12 1996
20 12 1996
21 12 1996
22 12 1996
23 12 1996
24 12 1996
25 12 1996
26 12 1996
27 12 1996
28 12 1996
29 12 1996
30 12 1996
31 12 1996
1 1 1997
2 1 1997
3 1 1997
4 1 1997
5 1 1997
6 1 1997
7 1 1997
8 1 1997
9 1 1997
10 1 1997
11 1 1997
12 1 1997
13 1 1997
14 1 1997
15 1 1997
16 1 1997
17 1 1997
18 1 1997
19 1 1997
20 1 1997
21 1 1997
22 1 1997
23 1 1997
24 1 1997
25 1 1997
26 1 1997
27 1 1997
28 1 1997
29 1 1997
30 1 1997
31 1 1997
1 2 1997
2 2 1997
3 2 1997
4 2 1997
5 2 1997
6 2 1997
7 2 1997
8 2 1997
9 2 1997
10 2 1997
11 2 1997
12 2 1997
13 2 1997
14 2 1997
15 2 1997
16 2 1997
17 2 1997
18 2 1997
19 2 1997
20 2 1997
21 2 1997
22 2 1997
23 2 1997
24 2 1997
25 2 1997
26 2 1997
27 2 1997
28 2 1997
1 3 1997
2 3 1997
3 3 1997
4 3 1997
5 3 1997
6 3 1997
7 3 1997
8 3 1997
9 3 1997
10 3 1997
11 3 1997
12 3 1997
13 3 1997
14 3 1997
15 3 1997
16 3 1997
17 3 1997
18 3 1997
19 3 1997
20 3 1997
21 3 1997
22 3 1997
23 3 1997
24 3 1997
25 3 1997
26 3 1997
27 3 1997
28 3 1997
29 3 1997
30 3 1997
31 3 1997
1 4 1997
2 4 1997
3 4 1997
4 4 1997
5 4 1997
6 4 1997
7 4 1997
8 4 1997
9 4 1997
10 4 1997
11 4 1997
12 4 1997
13 4 1997
14 4 1997
15 4 1997
16 4 1997
17 4 1997
18 4 1997
19 4 1997
20 4 1997
21 4 1997
22 4 1997
23 4 1997
24 4 1997
25 4 1997
26 4 1997
27 4 1997
28 4 1997
29 4 1997
30 4 1997
1 5 1997
2 5 1997
3 5 1997
4 5 1997
5 5 1997
6 5 1997
7 5 1997
8 5 1997
9 5 1997
10 5 1997
11 5 1997
12 5 1997
13 5 1997
14 5 1997
15 5 1997
16 5 1997
17 5 1997
18 5 1997
19 5 1997
20 5 1997
21 5 1997
22 5 1997
23 5 1997
24 5 1997
25 5 1997
26 5 1997
27 5 1997
28 5 1997
29 5 1997
30 5 1997
31 5 1997
1 6 1997
2 6 1997
3 6 1997
4 6 1997
5 6 1997
6 6 1997
7 6 1997
8 6 1997
9 6 1997
10 6 1997
11 6 1997
12 6 1997
13 6 1997
14 6 1997
15 6 1997
16 6 1997
17 6 1997
18 6 1997
19 6 1997
20 6 1997
21 6 1997
22 6 1997
23 6 1997
24 6 1997
25 6 1997
26 6 1997
27 6 1997
28 6 1997
29 6 1997
30 6 1997
1 7 1997
2 7 1997
3 7 1997
4 7 1997
5 7 1997
6 7 1997
7 7 1997
8 7 1997
9 7 1997
10 7 1997
11 7 1997
12 7 1997
13 7 1997
14 7 1997
15 7 1997
16 7 1997
17 7 1997
18 7 1997
19 7 1997
20 7 1997
21 7 1997
22 7 1997
23 7 1997
24 7 1997
25 7 1997
26 7 1997
27 7 1997
28 7 1997
29 7 1997
30 7 1997
31 7 1997
1 8 1997
2 8 1997
3 8 1997
4 8 1997
5 8 1997
6 8 1997
7 8 1997
8 8 1997
9 8 1997
10 8 1997
11 8 1997
12 8 1997
13 8 1997
14 8 1997
15 8 1997
16 8 1997
17 8 1997
18 8 1997
19 8 1997
20 8 1997
21 8 1997
22 8 1997
23 8 1997
24 8 1997
25 8 1997
26 8 1997
27 8 1997
28 8 1997
29 8 1997
30 8 1997
31 8 1997
1 9 1997
2 9 1997
3 9 1997
4 9 1997
5 9 1997
6 9 1997
7 9 1997
8 9 1997
9 9 1997
10 9 1997
11 9 1997
12 9 1997
13 9 1997
14 9 1997
15 9 1997
16 9 1997
17 9 1997
18 9 1997
19 9 1997
20 9 1997
21 9 1997
22 9 1997
23 9 1997
24 9 1997
25 9 1997
26 9 1997
27 9 1997
28 9 1997
29 9 1997
30 9 1997
1 10 1997
2 10 1997
3 10 1997
4 10 1997
5 10 1997
6 10 1997
7 10 1997
8 10 1997
9 10 1997
10 10 1997
11 10 1997
12 10 1997
13 10 1997
14 10 1997
15 10 1997
16 10 1997
17 10 1997
18 10 1997
19 10 1997
20 10 1997
21 10 1997
22 10 1997
23 10 1997
24 10 1997
25 10 1997
26 10 1997
27 10 1997
28 10 1997
29 10 1997
30 10 1997
31 10 1997
1 11 1997
2 11 1997
3 11 1997
4 11 1997
5 11 1997
6 11 1997
7 11 1997
8 11 1997
9 11 1997
10 11 1997
11 11 1997
12 11 1997
13 11 1997
14 11 1997
15 11 1997
16 11 1997
17 11 1997
18 11 1997
19 11 1997
20 11 1997
21 11 1997
22 11 1997
23 11 1997
24 11 1997
25 11 1997
26 11 1997
27 11 1997
28 11 1997
29 11 1997
30 11 1997
1 12 1997
2 12 1997
3 12 1997
4 12 1997
5 12 1997
6 12 1997
7 12 1997
8 12 1997
9 12 1997
10 12 1997
11 12 1997
12 12 1997
13 12 1997
14 12 1997
15 12 1997
16 12 1997
17 12 1997
18 12 1997
19 12 1997
20 12 1997
21 12 1997
22 12 1997
23 12 1997
24 12 1997
25 12 1997
26 12 1997
27 12 1997
28 12 1997
29 12 1997
30 12 1997
31 12 1997
1 1 1998
2 1 1998
3 1 1998
4 1 1998
5 1 1998
6 1 1998
7 1 1998
8 1 1998
9 1 1998
10 1 1998
11 1 1998
12 1 1998
13 1 1998
14 1 1998
15 1 1998
16 1 1998
17 1 1998
18 1 1998
19 1 1998
20 1 1998
21 1 1998
22 1 1998
23 1 1998
24 1 1998
25 1 1998
26 1 1998
27 1 1998
28 1 1998
29 1 1998
30 1 1998
31 1 1998
1 2 1998
2 2 1998
3 2 1998
4 2 1998
5 2 1998
6 2 1998
7 2 1998
8 2 1998
9 2 1998
10 2 1998
11 2 1998
12 2 1998
13 2 1998
14 2 1998
15 2 1998
16 2 1998
17 2 1998
18 2 1998
19 2 1998
20 2 1998
21 2 1998
22 2 1998
23 2 1998
24 2 1998
25 2 1998
26 2 1998
27 2 1998
28 2 1998
1 3 1998
2 3 1998
3 3 1998
4 3 1998
5 3 1998
6 3 1998
7 3 1998
8 3 1998
9 3 1998
10 3 1998
11 3 1998
12 3 1998
13 3 1998
14 3 1998
15 3 1998
16 3 1998
17 3 1998
18 3 1998
19 3 1998
20 3 1998
21 3 1998
22 3 1998
23 3 1998
24 3 1998
25 3 1998
26 3 1998
27 3 1998
28 3 1998
29 3 1998
30 3 1998
31 3 1998
1 4 1998
2 4 1998
3 4 1998
4 4 1998
5 4 1998
6 4 1998
7 4 1998
8 4 1998
9 4 1998
10 4 1998
11 4 1998
12 4 1998
13 4 1998
14 4 1998
15 4 1998
16 4 1998
17 4 1998
18 4 1998
19 4 1998
20 4 1998
21 4 1998
22 4 1998
23 4 1998
24 4 1998
25 4 1998
26 4 1998
27 4 1998
28 4 1998
29 4 1998
30 4 1998
1 5 1998
2 5 1998
3 5 1998
4 5 1998
5 5 1998
6 5 1998
7 5 1998
8 5 1998
9 5 1998
10 5 1998
11 5 1998
12 5 1998
13 5 1998
14 5 1998
15 5 1998
16 5 1998
17 5 1998
18 5 1998
19 5 1998
20 5 1998
21 5 1998
22 5 1998
23 5 1998
24 5 1998
25 5 1998
26 5 1998
27 5 1998
28 5 1998
29 5 1998
30 5 1998
31 5 1998
1 6 1998
2 6 1998
3 6 1998
4 6 1998
5 6 1998
6 6 1998
7 6 1998
8 6 1998
9 6 1998
10 6 1998
11 6 1998
12 6 1998
13 6 1998
14 6 1998
15 6 1998
16 6 1998
17 6 1998
18 6 1998
19 6 1998
20 6 1998
21 6 1998
22 6 1998
23 6 1998
24 6 1998
25 6 1998
26 6 1998
27 6 1998
28 6 1998
29 6 1998
30 6 1998
1 7 1998
2 7 1998
3 7 1998
4 7 1998
5 7 1998
6 7 1998
7 7 1998
8 7 1998
9 7 1998
10 7 1998
11 7 1998
12 7 1998
13 7 1998
14 7 1998
15 7 1998
16 7 1998
17 7 1998
18 7 1998
19 7 1998
20 7 1998
21 7 1998
22 7 1998
23 7 1998
24 7 1998
25 7 1998
26 7 1998
27 7 1998
28 7 1998
29 7 1998
30 7 1998
31 7 1998
1 8 1998
2 8 1998
3 8 1998
4 8 1998
5 8 1998
6 8 1998
7 8 1998
8 8 1998
9 8 1998
10 8 1998
11 8 1998
12 8 1998
13 8 1998
14 8 1998
15 8 1998
16 8 1998
17 8 1998
18 8 1998
19 8 1998
20 8 1998
21 8 1998
22 8 1998
23 8 1998
24 8 1998
25 8 1998
26 8 1998
27 8 1998
28 8 1998
29 8 1998
30 8 1998
31 8 1998
1 9 1998
2 9 1998
3 9 1998
4 9 1998
5 9 1998
6 9 1998
7 9 1998
8 9 1998
9 9 1998
10 9 1998
11 9 1998
12 9 1998
13 9 1998
14 9 1998
15 9 1998
16 9 1998
17 9 1998
18 9 1998
19 9 1998
20 9 1998
21 9 1998
22 9 1998
23 9 1998
24 9 1998
25 9 1998
26 9 1998
27 9 1998
28 9 1998
29 9 1998
30 9 1998
1 10 1998
2 10 1998
3 10 1998
4 10 1998
5 10 1998
6 10 1998
7 10 1998
8 10 1998
9 10 1998
10 10 1998
11 10 1998
12 10 1998
13 10 1998
14 10 1998
15 10 1998
16 10 1998
17 10 1998
18 10 1998
19 10 1998
20 10 1998
21 10 1998
22 10 1998
23 10 1998
24 10 1998
25 10 1998
26 10 1998
27 10 1998
28 10 1998
29 10 1998
30 10 1998
31 10 1998
1 11 1998
2 11 1998
3 11 1998
4 11 1998
5 11 1998
6 11 1998
7 11 1998
8 11 1998
9 11 1998
10 11 1998
11 11 1998
12 11 1998
13 11 1998
14 11 1998
15 11 1998
16 11 1998
17 11 1998
18 11 1998
19 11 1998
20 11 1998
21 11 1998
22 11 1998
23 11 1998
24 11 1998
25 11 1998
26 11 1998
27 11 1998
28 11 1998
29 11 1998
30 11 1998
1 12 1998
2 12 1998
3 12 1998
4 12 1998
5 12 1998
6 12 1998
7 12 1998
8 12 1998
9 12 1998
10 12 1998
11 12 1998
12 12 1998
13 12 1998
14 12 1998
15 12 1998
16 12 1998
17 12 1998
18 12 1998
19 12 1998
20 12 1998
21 12 1998
22 12 1998
23 12 1998
24 12 1998
25 12 1998
26 12 1998
27 12 1998
28 12 1998
29 12 1998
30 12 1998
31 12 1998
1 1 1999
2 1 1999
3 1 1999
4 1 1999
5 1 1999
6 1 1999
7 1 1999
8 1 1999
9 1 1999
10 1 1999
11 1 1999
12 1 1999
13 1 1999
14 1 1999
15 1 1999
16 1 1999
17 1 1999
18 1 1999
19 1 1999
20 1 1999
21 1 1999
22 1 1999
23 1 1999
24 1 1999
25 1 1999
26 1 1999
27 1 1999
28 1 1999
29 1 1999
30 1 1999
31 1 1999
1 2 1999
2 2 1999
3 2 1999
4 2 1999
5 2 1999
6 2 1999
7 2 1999
8 2 1999
9 2 1999
10 2 1999
11 2 1999
12 2 1999
13 2 1999
14 2 1999
15 2 1999
16 2 1999
17 2 1999
18 2 1999
19 2 1999
20 2 1999
21 2 1999
22 2 1999
23 2 1999
24 2 1999
25 2 1999
26 2 1999
27 2 1999
28 2 1999
1 3 1999
2 3 1999
3 3 1999
4 3 1999
5 3 1999
6 3 1999
7 3 1999
8 3 1999
9 3 1999
10 3 1999
11 3 1999
12 3 1999
13 3 1999
14 3 1999
15 3 1999
16 3 1999
17 3 1999
18 3 1999
19 3 1999
20 3 1999
21 3 1999
22 3 1999
23 3 1999
24 3 1999
25 3 1999
26 3 1999
27 3 1999
28 3 1999
29 3 1999
30 3 1999
31 3 1999
1 4 1999
2 4 1999
3 4 1999
4 4 1999
5 4 1999
6 4 1999
7 4 1999
8 4 1999
9 4 1999
10 4 1999
11 4 1999
12 4 1999
13 4 1999
14 4 1999
15 4 1999
16 4 1999
17 4 1999
18 4 1999
19 4 1999
20 4 1999
21 4 1999
22 4 1999
23 4 1999
24 4 1999
25 4 1999
26 4 1999
27 4 1999
28 4 1999
29 4 1999
30 4 1999
1 5 1999
2 5 1999
3 5 1999
4 5 1999
5 5 1999
6 5 1999
7 5 1999
8 5 1999
9 5 1999
10 5 1999
11 5 1999
12 5 1999
13 5 1999
14 5 1999
15 5 1999
16 5 1999
17 5 1999
18 5 1999
19 5 1999
20 5 1999
21 5 1999
22 5 1999
23 5 1999
24 5 1999
25 5 1999
26 5 1999
27 5 1999
28 5 1999
29 5 1999
30 5 1999
31 5 1999
1 6 1999
2 6 1999
3 6 1999
4 6 1999
5 6 1999
6 6 1999
7 6 1999
8 6 1999
9 6 1999
10 6 1999
11 6 1999
12 6 1999
13 6 1999
14 6 1999
15 6 1999
16 6 1999
17 6 1999
18 6 1999
19 6 1999
20 6 1999
21 6 1999
22 6 1999
23 6 1999
24 6 1999
25 6 1999
26 6 1999
27 6 1999
28 6 1999
29 6 1999
30 6 1999
1 7 1999
2 7 1999
3 7 1999
4 7 1999
5 7 1999
6 7 1999
7 7 1999
8 7 1999
9 7 1999
10 7 1999
11 7 1999
12 7 1999
13 7 1999
14 7 1999
15 7 1999
16 7 1999
17 7 1999
18 7 1999
19 7 1999
20 7 1999
21 7 1999
22 7 1999
23 7 1999
24 7 1999
25 7 1999
26 7 1999
27 7 1999
28 7 1999
29 7 1999
30 7 1999
31 7 1999
1 8 1999
2 8 1999
3 8 1999
4 8 1999
5 8 1999
6 8 1999
7 8 1999
8 8 1999
9 8 1999
10 8 1999
11 8 1999
12 8 1999
13 8 1999
14 8 1999
15 8 1999
16 8 1999
17 8 1999
18 8 1999
19 8 1999
20 8 1999
21 8 1999
22 8 1999
23 8 1999
24 8 1999
25 8 1999
26 8 1999
27 8 1999
28 8 1999
29 8 1999
30 8 1999
31 8 1999
1 9 1999
2 9 1999
3 9 1999
4 9 1999
5 9 1999
6 9 1999
7 9 1999
8 9 1999
9 9 1999
10 9 1999
11 9 1999
12 9 1999
13 9 1999
14 9 1999
15 9 1999
16 9 1999
17 9 1999
18 9 1999
19 9 1999
20 9 1999
21 9 1999
22 9 1999
23 9 1999
24 9 1999
25 9 1999
26 9 1999
27 9 1999
28 9 1999
29 9 1999
30 9 1999
1 10 1999
2 10 1999
3 10 1999
4 10 1999
5 10 1999
6 10 1999
7 10 1999
8 10 1999
9 10 1999
10 10 1999
11 10 1999
12 10 1999
13 10 1999
14 10 1999
15 10 1999
16 10 1999
17 10 1999
18 10 1999
19 10 1999
20 10 1999
21 10 1999
22 10 1999
23 10 1999
24 10 1999
25 10 1999
26 10 1999
27 10 1999
28 10 1999
29 10 1999
30 10 1999
31 10 1999
1 11 1999
2 11 1999
3 11 1999
4 11 1999
5 11 1999
6 11 1999
7 11 1999
8 11 1999
9 11 1999
10 11 1999
11 11 1999
12 11 1999
13 11 1999
14 11 1999
15 11 1999
16 11 1999
17 11 1999
18 11 1999
19 11 1999
20 11 1999
21 11 1999
22 11 1999
23 11 1999
24 11 1999
25 11 1999
26 11 1999
27 11 1999
28 11 1999
29 11 1999
30 11 1999
1 12 1999
2 12 1999
3 12 1999
4 12 1999
5 12 1999
6 12 1999
7 12 1999
8 12 1999
9 12 1999
10 12 1999
11 12 1999
12 12 1999
13 12 1999
14 12 1999
15 12 1999
16 12 1999
17 12 1999
18 12 1999
19 12 1999
20 12 1999
21 12 1999
22 12 1999
23 12 1999
24 12 1999
25 12 1999
26 12 1999
27 12 1999
28 12 1999
29 12 1999
30 12 1999
31 12 1999
1 1 2000
2 1 2000
3 1 2000
4 1 2000
5 1 2000
6 1 2000
7 1 2000
8 1 2000
9 1 2000
10 1 2000
11 1 2000
12 1 2000
13 1 2000
14 1 2000
15 1 2000
16 1 2000
17 1 2000
18 1 2000
19 1 2000
20 1 2000
21 1 2000
22 1 2000
23 1 2000
24 1 2000
25 1 2000
26 1 2000
27 1 2000
28 1 2000
29 1 2000
30 1 2000
31 1 2000
1 2 2000
2 2 2000
3 2 2000
4 2 2000
5 2 2000
6 2 2000
7 2 2000
8 2 2000
9 2 2000
10 2 2000
11 2 2000
12 2 2000
13 2 2000
14 2 2000
15 2 2000
16 2 2000
17 2 2000
18 2 2000
19 2 2000
20 2 2000
21 2 2000
22 2 2000
23 2 2000
24 2 2000
25 2 2000
26 2 2000
27 2 2000
28 2 2000
29 2 2000
1 3 2000
2 3 2000
3 3 2000
4 3 2000
5 3 2000
6 3 2000
7 3 2000
8 3 2000
9 3 2000
10 3 2000
11 3 2000
12 3 2000
13 3 2000
14 3 2000
15 3 2000
16 3 2000
17 3 2000
18 3 2000
19 3 2000
20 3 2000
21 3 2000
22 3 2000
23 3 2000
24 3 2000
25 3 2000
26 3 2000
27 3 2000
28 3 2000
29 3 2000
30 3 2000
31 3 2000
1 4 2000
2 4 2000
3 4 2000
4 4 2000
5 4 2000
6 4 2000
7 4 2000
8 4 2000
9 4 2000
10 4 2000
11 4 2000
12 4 2000
13 4 2000
14 4 2000
15 4 2000
16 4 2000
17 4 2000
18 4 2000
19 4 2000
20 4 2000
21 4 2000
22 4 2000
23 4 2000
24 4 2000
25 4 2000
26 4 2000
27 4 2000
28 4 2000
29 4 2000
30 4 2000
1 5 2000
2 5 2000
3 5 2000
4 5 2000
5 5 2000
6 5 2000
7 5 2000
8 5 2000
9 5 2000
10 5 2000
11 5 2000
12 5 2000
13 5 2000
14 5 2000
15 5 2000
16 5 2000
17 5 2000
18 5 2000
19 5 2000
20 5 2000
21 5 2000
22 5 2000
23 5 2000
24 5 2000
25 5 2000
26 5 2000
27 5 2000
28 5 2000
29 5 2000
30 5 2000
31 5 2000
1 6 2000
2 6 2000
3 6 2000
4 6 2000
5 6 2000
6 6 2000
7 6 2000
8 6 2000
9 6 2000
10 6 2000
11 6 2000
12 6 2000
13 6 2000
14 6 2000
15 6 2000
16 6 2000
17 6 2000
18 6 2000
19 6 2000
20 6 2000
21 6 2000
22 6 2000
23 6 2000
24 6 2000
25 6 2000
26 6 2000
27 6 2000
28 6 2000
29 6 2000
30 6 2000
1 7 2000
2 7 2000
3 7 2000
4 7 2000
5 7 2000
6 7 2000
7 7 2000
8 7 2000
9 7 2000
10 7 2000
11 7 2000
12 7 2000
13 7 2000
14 7 2000
15 7 2000
16 7 2000
17 7 2000
18 7 2000
19 7 2000
20 7 2000
21 7 2000
22 7 2000
23 7 2000
24 7 2000
25 7 2000
26 7 2000
27 7 2000
28 7 2000
29 7 2000
30 7 2000
31 7 2000
1 8 2000
2 8 2000
3 8 2000
4 8 2000
5 8 2000
6 8 2000
7 8 2000
8 8 2000
9 8 2000
10 8 2000
11 8 2000
12 8 2000
13 8 2000
14 8 2000
15 8 2000
16 8 2000
17 8 2000
18 8 2000
19 8 2000
20 8 2000
21 8 2000
22 8 2000
23 8 2000
24 8 2000
25 8 2000
26 8 2000
27 8 2000
28 8 2000
29 8 2000
30 8 2000
31 8 2000
1 9 2000
2 9 2000
3 9 2000
4 9 2000
5 9 2000
6 9 2000
7 9 2000
8 9 2000
9 9 2000
10 9 2000
11 9 2000
12 9 2000
13 9 2000
14 9 2000
15 9 2000
16 9 2000
17 9 2000
18 9 2000
19 9 2000
20 9 2000
21 9 2000
22 9 2000
23 9 2000
24 9 2000
25 9 2000
26 9 2000
27 9 2000
28 9 2000
29 9 2000
30 9 2000
1 10 2000
2 10 2000
3 10 2000
4 10 2000
5 10 2000
6 10 2000
7 10 2000
8 10 2000
9 10 2000
10 10 2000
11 10 2000
12 10 2000
13 10 2000
14 10 2000
15 10 2000
16 10 2000
17 10 2000
18 10 2000
19 10 2000
20 10 2000
21 10 2000
22 10 2000
23 10 2000
24 10 2000
25 10 2000
26 10 2000
27 10 2000
28 10 2000
29 10 2000
30 10 2000
31 10 2000
1 11 2000
2 11 2000
3 11 2000
4 11 2000
5 11 2000
6 11 2000
7 11 2000
8 11 2000
9 11 2000
10 11 2000
11 11 2000
12 11 2000
13 11 2000
14 11 2000
15 11 2000
16 11 2000
17 11 2000
18 11 2000
19 11 2000
20 11 2000
21 11 2000
22 11 2000
23 11 2000
24 11 2000
25 11 2000
26 11 2000
27 11 2000
28 11 2000
29 11 2000
30 11 2000
1 12 2000
2 12 2000
3 12 2000
4 12 2000
5 12 2000
6 12 2000
7 12 2000
8 12 2000
9 12 2000
10 12 2000
11 12 2000
12 12 2000
13 12 2000
14 12 2000
15 12 2000
16 12 2000
17 12 2000
18 12 2000
19 12 2000
20 12 2000
21 12 2000
22 12 2000
23 12 2000
24 12 2000
25 12 2000
26 12 2000
27 12 2000
28 12 2000
29 12 2000
30 12 2000
31 12 2000
1 1 2001
2 1 2001
3 1 2001
4 1 2001
5 1 2001
6 1 2001
7 1 2001
8 1 2001
9 1 2001
10 1 2001
11 1 2001
12 1 2001
13 1 2001
14 1 2001
15 1 2001
16 1 2001
17 1 2001
18 1 2001
19 1 2001
20 1 2001
21 1 2001
22 1 2001
23 1 2001
24 1 2001
25 1 2001
26 1 2001
27 1 2001
28 1 2001
29 1 2001
30 1 2001
31 1 2001
1 2 2001
2 2 2001
3 2 2001
4 2 2001
5 2 2001
6 2 2001
7 2 2001
8 2 2001
9 2 2001
10 2 2001
11 2 2001
12 2 2001
13 2 2001
14 2 2001
15 2 2001
16 2 2001
17 2 2001
18 2 2001
19 2 2001
20 2 2001
21 2 2001
22 2 2001
23 2 2001
24 2 2001
25 2 2001
26 2 2001
27 2 2001
28 2 2001
1 3 2001
2 3 2001
3 3 2001
4 3 2001
5 3 2001
6 3 2001
7 3 2001
8 3 2001
9 3 2001
10 3 2001
11 3 2001
12 3 2001
13 3 2001
14 3 2001
15 3 2001
16 3 2001
17 3 2001
18 3 2001
19 3 2001
20 3 2001
21 3 2001
22 3 2001
23 3 2001
24 3 2001
25 3 2001
26 3 2001
27 3 2001
28 3 2001
29 3 2001
30 3 2001
31 3 2001
1 4 2001
2 4 2001
3 4 2001
4 4 2001
5 4 2001
6 4 2001
7 4 2001
8 4 2001
9 4 2001
10 4 2001
11 4 2001
12 4 2001
13 4 2001
14 4 2001
15 4 2001
16 4 2001
17 4 2001
18 4 2001
19 4 2001
20 4 2001
21 4 2001
22 4 2001
23 4 2001
24 4 2001
25 4 2001
26 4 2001
27 4 2001
28 4 2001
29 4 2001
30 4 2001
1 5 2001
2 5 2001
3 5 2001
4 5 2001
5 5 2001
6 5 2001
7 5 2001
8 5 2001
9 5 2001
10 5 2001
11 5 2001
12 5 2001
13 5 2001
14 5 2001
15 5 2001
16 5 2001
17 5 2001
18 5 2001
19 5 2001
20 5 2001
21 5 2001
22 5 2001
23 5 2001
24 5 2001
25 5 2001
26 5 2001
27 5 2001
28 5 2001
29 5 2001
30 5 2001
31 5 2001
1 6 2001
2 6 2001
3 6 2001
4 6 2001
5 6 2001
6 6 2001
7 6 2001
8 6 2001
9 6 2001
10 6 2001
11 6 2001
12 6 2001
13 6 2001
14 6 2001
15 6 2001
16 6 2001
17 6 2001
18 6 2001
19 6 2001
20 6 2001
21 6 2001
22 6 2001
23 6 2001
24 6 2001
25 6 2001
26 6 2001
27 6 2001
28 6 2001
29 6 2001
30 6 2001
1 7 2001
2 7 2001
3 7 2001
4 7 2001
5 7 2001
6 7 2001
7 7 2001
8 7 2001
9 7 2001
10 7 2001
11 7 2001
12 7 2001
13 7 2001
14 7 2001
15 7 2001
16 7 2001
17 7 2001
18 7 2001
19 7 2001
20 7 2001
21 7 2001
22 7 2001
23 7 2001
24 7 2001
25 7 2001
26 7 2001
27 7 2001
28 7 2001
29 7 2001
30 7 2001
31 7 2001
1 8 2001
2 8 2001
3 8 2001
4 8 2001
5 8 2001
6 8 2001
7 8 2001
8 8 2001
9 8 2001
10 8 2001
11 8 2001
12 8 2001
13 8 2001
14 8 2001
15 8 2001
16 8 2001
17 8 2001
18 8 2001
19 8 2001
20 8 2001
21 8 2001
22 8 2001
23 8 2001
24 8 2001
25 8 2001
26 8 2001
27 8 2001
28 8 2001
29 8 2001
30 8 2001
31 8 2001
1 9 2001
2 9 2001
3 9 2001
4 9 2001
5 9 2001
6 9 2001
7 9 2001
8 9 2001
9 9 2001
10 9 2001
11 9 2001
12 9 2001
13 9 2001
14 9 2001
15 9 2001
16 9 2001
17 9 2001
18 9 2001
19 9 2001
20 9 2001
21 9 2001
22 9 2001
23 9 2001
24 9 2001
25 9 2001
26 9 2001
27 9 2001
28 9 2001
29 9 2001
30 9 2001
1 10 2001
2 10 2001
3 10 2001
4 10 2001
5 10 2001
6 10 2001
7 10 2001
8 10 2001
9 10 2001
10 10 2001
11 10 2001
12 10 2001
13 10 2001
14 10 2001
15 10 2001
16 10 2001
17 10 2001
18 10 2001
19 10 2001
20 10 2001
21 10 2001
22 10 2001
23 10 2001
24 10 2001
25 10 2001
26 10 2001
27 10 2001
28 10 2001
29 10 2001
30 10 2001
31 10 2001
1 11 2001
2 11 2001
3 11 2001
4 11 2001
5 11 2001
6 11 2001
7 11 2001
8 11 2001
9 11 2001
10 11 2001
11 11 2001
12 11 2001
13 11 2001
14 11 2001
15 11 2001
16 11 2001
17 11 2001
18 11 2001
19 11 2001
20 11 2001
21 11 2001
22 11 2001
23 11 2001
24 11 2001
25 11 2001
26 11 2001
27 11 2001
28 11 2001
29 11 2001
30 11 2001
1 12 2001
2 12 2001
3 12 2001
4 12 2001
5 12 2001
6 12 2001
7 12 2001
8 12 2001
9 12 2001
10 12 2001
11 12 2001
12 12 2001
13 12 2001
14 12 2001
15 12 2001
16 12 2001
17 12 2001
18 12 2001
19 12 2001
20 12 2001
21 12 2001
22 12 2001
23 12 2001
24 12 2001
25 12 2001
26 12 2001
27 12 2001
28 12 2001
29 12 2001
30 12 2001
31 12 2001
1 1 2002
2 1 2002
3 1 2002
4 1 2002
5 1 2002
6 1 2002
7 1 2002
8 1 2002
9 1 2002
10 1 2002
11 1 2002
12 1 2002
13 1 2002
14 1 2002
15 1 2002
16 1 2002
17 1 2002
18 1 2002
19 1 2002
20 1 2002
21 1 2002
22 1 2002
23 1 2002
24 1 2002
25 1 2002
26 1 2002
27 1 2002
28 1 2002
29 1 2002
30 1 2002
31 1 2002
1 2 2002
2 2 2002
3 2 2002
4 2 2002
5 2 2002
6 2 2002
7 2 2002
8 2 2002
9 2 2002
10 2 2002
11 2 2002
12 2 2002
13 2 2002
14 2 2002
15 2 2002
16 2 2002
17 2 2002
18 2 2002
19 2 2002
20 2 2002
21 2 2002
22 2 2002
23 2 2002
24 2 2002
25 2 2002
26 2 2002
27 2 2002
28 2 2002
1 3 2002
2 3 2002
3 3 2002
4 3 2002
5 3 2002
6 3 2002
7 3 2002
8 3 2002
9 3 2002
10 3 2002
11 3 2002
12 3 2002
13 3 2002
14 3 2002
15 3 2002
16 3 2002
17 3 2002
18 3 2002
19 3 2002
20 3 2002
21 3 2002
22 3 2002
23 3 2002
24 3 2002
25 3 2002
26 3 2002
27 3 2002
28 3 2002
29 3 2002
30 3 2002
31 3 2002
1 4 2002
2 4 2002
3 4 2002
4 4 2002
5 4 2002
6 4 2002
7 4 2002
8 4 2002
9 4 2002
10 4 2002
11 4 2002
12 4 2002
13 4 2002
14 4 2002
15 4 2002
16 4 2002
17 4 2002
18 4 2002
19 4 2002
20 4 2002
21 4 2002
22 4 2002
23 4 2002
24 4 2002
25 4 2002
26 4 2002
27 4 2002
28 4 2002
29 4 2002
30 4 2002
1 5 2002
2 5 2002
3 5 2002
4 5 2002
5 5 2002
6 5 2002
7 5 2002
8 5 2002
9 5 2002
10 5 2002
11 5 2002
12 5 2002
13 5 2002
14 5 2002
15 5 2002
16 5 2002
17 5 2002
18 5 2002
19 5 2002
20 5 2002
21 5 2002
22 5 2002
23 5 2002
24 5 2002
25 5 2002
26 5 2002
27 5 2002
28 5 2002
29 5 2002
30 5 2002
31 5 2002
1 6 2002
2 6 2002
3 6 2002
4 6 2002
5 6 2002
6 6 2002
7 6 2002
8 6 2002
9 6 2002
10 6 2002
11 6 2002
12 6 2002
13 6 2002
14 6 2002
15 6 2002
16 6 2002
17 6 2002
18 6 2002
19 6 2002
20 6 2002
21 6 2002
22 6 2002
23 6 2002
24 6 2002
25 6 2002
26 6 2002
27 6 2002
28 6 2002
29 6 2002
30 6 2002
1 7 2002
2 7 2002
3 7 2002
4 7 2002
5 7 2002
6 7 2002
7 7 2002
8 7 2002
9 7 2002
10 7 2002
11 7 2002
12 7 2002
13 7 2002
14 7 2002
15 7 2002
16 7 2002
17 7 2002
18 7 2002
19 7 2002
20 7 2002
21 7 2002
22 7 2002
23 7 2002
24 7 2002
25 7 2002
26 7 2002
27 7 2002
28 7 2002
29 7 2002
30 7 2002
31 7 2002
1 8 2002
2 8 2002
3 8 2002
4 8 2002
5 8 2002
6 8 2002
7 8 2002
8 8 2002
9 8 2002
10 8 2002
11 8 2002
12 8 2002
13 8 2002
14 8 2002
15 8 2002
16 8 2002
17 8 2002
18 8 2002
19 8 2002
20 8 2002
21 8 2002
22 8 2002
23 8 2002
24 8 2002
25 8 2002
26 8 2002
27 8 2002
28 8 2002
29 8 2002
30 8 2002
31 8 2002
1 9 2002
2 9 2002
3 9 2002
4 9 2002
5 9 2002
6 9 2002
7 9 2002
8 9 2002
9 9 2002
10 9 2002
11 9 2002
12 9 2002
13 9 2002
14 9 2002
15 9 2002
16 9 2002
17 9 2002
18 9 2002
19 9 2002
20 9 2002
21 9 2002
22 9 2002
23 9 2002
24 9 2002
25 9 2002
26 9 2002
27 9 2002
28 9 2002
29 9 2002
30 9 2002
1 10 2002
2 10 2002
3 10 2002
4 10 2002
5 10 2002
6 10 2002
7 10 2002
8 10 2002
9 10 2002
10 10 2002
11 10 2002
12 10 2002
13 10 2002
14 10 2002
15 10 2002
16 10 2002
17 10 2002
18 10 2002
19 10 2002
20 10 2002
21 10 2002
22 10 2002
23 10 2002
24 10 2002
25 10 2002
26 10 2002
27 10 2002
28 10 2002
29 10 2002
30 10 2002
31 10 2002
1 11 2002
2 11 2002
3 11 2002
4 11 2002
5 11 2002
6 11 2002
7 11 2002
8 11 2002
9 11 2002
10 11 2002
11 11 2002
12 11 2002
13 11 2002
14 11 2002
15 11 2002
16 11 2002
17 11 2002
18 11 2002
19 11 2002
20 11 2002
21 11 2002
22 11 2002
23 11 2002
24 11 2002
25 11 2002
26 11 2002
27 11 2002
28 11 2002
29 11 2002
30 11 2002
1 12 2002
2 12 2002
3 12 2002
4 12 2002
5 12 2002
6 12 2002
7 12 2002
8 12 2002
9 12 2002
10 12 2002
11 12 2002
12 12 2002
13 12 2002
14 12 2002
15 12 2002
16 12 2002
17 12 2002
18 12 2002
19 12 2002
20 12 2002
21 12 2002
22 12 2002
23 12 2002
24 12 2002
25 12 2002
26 12 2002
27 12 2002
28 12 2002
29 12 2002
30 12 2002
31 12 2002
1 1 2003
2 1 2003
3 1 2003
4 1 2003
5 1 2003
6 1 2003
7 1 2003
8 1 2003
9 1 2003
10 1 2003
11 1 2003
12 1 2003
13 1 2003
14 1 2003
15 1 2003
16 1 2003
17 1 2003
18 1 2003
19 1 2003
20 1 2003
21 1 2003
22 1 2003
23 1 2003
24 1 2003
25 1 2003
26 1 2003
27 1 2003
28 1 2003
29 1 2003
30 1 2003
31 1 2003
1 2 2003
2 2 2003
3 2 2003
4 2 2003
5 2 2003
6 2 2003
7 2 2003
8 2 2003
9 2 2003
10 2 2003
11 2 2003
12 2 2003
13 2 2003
14 2 2003
15 2 2003
16 2 2003
17 2 2003
18 2 2003
19 2 2003
20 2 2003
21 2 2003
22 2 2003
23 2 2003
24 2 2003
25 2 2003
26 2 2003
27 2 2003
28 2 2003
1 3 2003
2 3 2003
3 3 2003
4 3 2003
5 3 2003
6 3 2003
7 3 2003
8 3 2003
9 3 2003
10 3 2003
11 3 2003
12 3 2003
13 3 2003
14 3 2003
15 3 2003
16 3 2003
17 3 2003
18 3 2003
19 3 2003
20 3 2003
21 3 2003
22 3 2003
23 3 2003
24 3 2003
25 3 2003
26 3 2003
27 3 2003
28 3 2003
29 3 2003
30 3 2003
31 3 2003
1 4 2003
2 4 2003
3 4 2003
4 4 2003
5 4 2003
6 4 2003
7 4 2003
8 4 2003
9 4 2003
10 4 2003
11 4 2003
12 4 2003
13 4 2003
14 4 2003
15 4 2003
16 4 2003
17 4 2003
18 4 2003
19 4 2003
20 4 2003
21 4 2003
22 4 2003
23 4 2003
24 4 2003
25 4 2003
26 4 2003
27 4 2003
28 4 2003
29 4 2003
30 4 2003
1 5 2003
2 5 2003
3 5 2003
4 5 2003
5 5 2003
6 5 2003
7 5 2003
8 5 2003
9 5 2003
10 5 2003
11 5 2003
12 5 2003
13 5 2003
14 5 2003
15 5 2003
16 5 2003
17 5 2003
18 5 2003
19 5 2003
20 5 2003
21 5 2003
22 5 2003
23 5 2003
24 5 2003
25 5 2003
26 5 2003
27 5 2003
28 5 2003
29 5 2003
30 5 2003
31 5 2003
1 6 2003
2 6 2003
3 6 2003
4 6 2003
5 6 2003
6 6 2003
7 6 2003
8 6 2003
9 6 2003
10 6 2003
11 6 2003
12 6 2003
13 6 2003
14 6 2003
15 6 2003
16 6 2003
17 6 2003
18 6 2003
19 6 2003
20 6 2003
21 6 2003
22 6 2003
23 6 2003
24 6 2003
25 6 2003
26 6 2003
27 6 2003
28 6 2003
29 6 2003
30 6 2003
1 7 2003
2 7 2003
3 7 2003
4 7 2003
5 7 2003
6 7 2003
7 7 2003
8 7 2003
9 7 2003
10 7 2003
11 7 2003
12 7 2003
13 7 2003
14 7 2003
15 7 2003
16 7 2003
17 7 2003
18 7 2003
19 7 2003
20 7 2003
21 7 2003
22 7 2003
23 7 2003
24 7 2003
25 7 2003
26 7 2003
27 7 2003
28 7 2003
29 7 2003
30 7 2003
31 7 2003
1 8 2003
2 8 2003
3 8 2003
4 8 2003
5 8 2003
6 8 2003
7 8 2003
8 8 2003
9 8 2003
10 8 2003
11 8 2003
12 8 2003
13 8 2003
14 8 2003
15 8 2003
16 8 2003
17 8 2003
18 8 2003
19 8 2003
20 8 2003
21 8 2003
22 8 2003
23 8 2003
24 8 2003
25 8 2003
26 8 2003
27 8 2003
28 8 2003
29 8 2003
30 8 2003
31 8 2003
1 9 2003
2 9 2003
3 9 2003
4 9 2003
5 9 2003
6 9 2003
7 9 2003
8 9 2003
9 9 2003
10 9 2003
11 9 2003
12 9 2003
13 9 2003
14 9 2003
15 9 2003
16 9 2003
17 9 2003
18 9 2003
19 9 2003
20 9 2003
21 9 2003
22 9 2003
23 9 2003
24 9 2003
25 9 2003
26 9 2003
27 9 2003
28 9 2003
29 9 2003
30 9 2003
1 10 2003
2 10 2003
3 10 2003
4 10 2003
5 10 2003
6 10 2003
7 10 2003
8 10 2003
9 10 2003
10 10 2003
11 10 2003
12 10 2003
13 10 2003
14 10 2003
15 10 2003
16 10 2003
17 10 2003
18 10 2003
19 10 2003
20 10 2003
21 10 2003
22 10 2003
23 10 2003
24 10 2003
25 10 2003
26 10 2003
27 10 2003
28 10 2003
29 10 2003
30 10 2003
31 10 2003
1 11 2003
2 11 2003
3 11 2003
4 11 2003
5 11 2003
6 11 2003
7 11 2003
8 11 2003
9 11 2003
10 11 2003
11 11 2003
12 11 2003
13 11 2003
14 11 2003
15 11 2003
16 11 2003
17 11 2003
18 11 2003
19 11 2003
20 11 2003
21 11 2003
22 11 2003
23 11 2003
24 11 2003
25 11 2003
26 11 2003
27 11 2003
28 11 2003
29 11 2003
30 11 2003
1 12 2003
2 12 2003
3 12 2003
4 12 2003
5 12 2003
6 12 2003
7 12 2003
8 12 2003
9 12 2003
10 12 2003
11 12 2003
12 12 2003
13 12 2003
14 12 2003
15 12 2003
16 12 2003
17 12 2003
18 12 2003
19 12 2003
20 12 2003
21 12 2003
22 12 2003
23 12 2003
24 12 2003
25 12 2003
26 12 2003
27 12 2003
28 12 2003
29 12 2003
30 12 2003
31 12 2003
1 1 2004
2 1 2004
3 1 2004
4 1 2004
5 1 2004
6 1 2004
7 1 2004
8 1 2004
9 1 2004
10 1 2004
11 1 2004
12 1 2004
13 1 2004
14 1 2004
15 1 2004
16 1 2004
17 1 2004
18 1 2004
19 1 2004
20 1 2004
21 1 2004
22 1 2004
23 1 2004
24 1 2004
25 1 2004
26 1 2004
27 1 2004
28 1 2004
29 1 2004
30 1 2004
31 1 2004
1 2 2004
2 2 2004
3 2 2004
4 2 2004
5 2 2004
6 2 2004
7 2 2004
8 2 2004
9 2 2004
10 2 2004
11 2 2004
12 2 2004
13 2 2004
14 2 2004
15 2 2004
16 2 2004
17 2 2004
18 2 2004
19 2 2004
20 2 2004
21 2 2004
22 2 2004
23 2 2004
24 2 2004
25 2 2004
26 2 2004
27 2 2004
28 2 2004
29 2 2004
1 3 2004
2 3 2004
3 3 2004
4 3 2004
5 3 2004
6 3 2004
7 3 2004
8 3 2004
9 3 2004
10 3 2004
11 3 2004
12 3 2004
13 3 2004
14 3 2004
15 3 2004
16 3 2004
17 3 2004
18 3 2004
19 3 2004
20 3 2004
21 3 2004
22 3 2004
23 3 2004
24 3 2004
25 3 2004
26 3 2004
27 3 2004
28 3 2004
29 3 2004
30 3 2004
31 3 2004
1 4 2004
2 4 2004
3 4 2004
4 4 2004
5 4 2004
6 4 2004
7 4 2004
8 4 2004
9 4 2004
10 4 2004
11 4 2004
12 4 2004
13 4 2004
14 4 2004
15 4 2004
16 4 2004
17 4 2004
18 4 2004
19 4 2004
20 4 2004
21 4 2004
22 4 2004
23 4 2004
24 4 2004
25 4 2004
26 4 2004
27 4 2004
28 4 2004
29 4 2004
30 4 2004
1 5 2004
2 5 2004
3 5 2004
4 5 2004
5 5 2004
6 5 2004
7 5 2004
8 5 2004
9 5 2004
10 5 2004
11 5 2004
12 5 2004
13 5 2004
14 5 2004
15 5 2004
16 5 2004
17 5 2004
18 5 2004
19 5 2004
20 5 2004
21 5 2004
22 5 2004
23 5 2004
24 5 2004
25 5 2004
26 5 2004
27 5 2004
28 5 2004
29 5 2004
30 5 2004
31 5 2004
1 6 2004
2 6 2004
3 6 2004
4 6 2004
5 6 2004
6 6 2004
7 6 2004
8 6 2004
9 6 2004
10 6 2004
11 6 2004
12 6 2004
13 6 2004
14 6 2004
15 6 2004
16 6 2004
17 6 2004
18 6 2004
19 6 2004
20 6 2004
21 6 2004
22 6 2004
23 6 2004
24 6 2004
25 6 2004
26 6 2004
27 6 2004
28 6 2004
29 6 2004
30 6 2004
1 7 2004
2 7 2004
3 7 2004
4 7 2004
5 7 2004
6 7 2004
7 7 2004
8 7 2004
9 7 2004
10 7 2004
11 7 2004
12 7 2004
13 7 2004
14 7 2004
15 7 2004
16 7 2004
17 7 2004
18 7 2004
19 7 2004
20 7 2004
21 7 2004
22 7 2004
23 7 2004
24 7 2004
25 7 2004
26 7 2004
27 7 2004
28 7 2004
29 7 2004
30 7 2004
31 7 2004
1 8 2004
2 8 2004
3 8 2004
4 8 2004
5 8 2004
6 8 2004
7 8 2004
8 8 2004
9 8 2004
10 8 2004
11 8 2004
12 8 2004
13 8 2004
14 8 2004
15 8 2004
16 8 2004
17 8 2004
18 8 2004
19 8 2004
20 8 2004
21 8 2004
22 8 2004
23 8 2004
24 8 2004
25 8 2004
26 8 2004
27 8 2004
28 8 2004
29 8 2004
30 8 2004
31 8 2004
1 9 2004
2 9 2004
3 9 2004
4 9 2004
5 9 2004
6 9 2004
7 9 2004
8 9 2004
9 9 2004
10 9 2004
11 9 2004
12 9 2004
13 9 2004
14 9 2004
15 9 2004
16 9 2004
17 9 2004
18 9 2004
19 9 2004
20 9 2004
21 9 2004
22 9 2004
23 9 2004
24 9 2004
25 9 2004
26 9 2004
27 9 2004
28 9 2004
29 9 2004
30 9 2004
1 10 2004
2 10 2004
3 10 2004
4 10 2004
5 10 2004
6 10 2004
7 10 2004
8 10 2004
9 10 2004
10 10 2004
11 10 2004
12 10 2004
13 10 2004
14 10 2004
15 10 2004
16 10 2004
17 10 2004
18 10 2004
19 10 2004
20 10 2004
21 10 2004
22 10 2004
23 10 2004
24 10 2004
25 10 2004
26 10 2004
27 10 2004
28 10 2004
29 10 2004
30 10 2004
31 10 2004
1 11 2004
2 11 2004
3 11 2004
4 11 2004
5 11 2004
6 11 2004
7 11 2004
8 11 2004
9 11 2004
10 11 2004
11 11 2004
12 11 2004
13 11 2004
14 11 2004
15 11 2004
16 11 2004
17 11 2004
18 11 2004
19 11 2004
20 11 2004
21 11 2004
22 11 2004
23 11 2004
24 11 2004
25 11 2004
26 11 2004
27 11 2004
28 11 2004
29 11 2004
30 11 2004
1 12 2004
2 12 2004
3 12 2004
4 12 2004
5 12 2004
6 12 2004
7 12 2004
8 12 2004
9 12 2004
10 12 2004
11 12 2004
12 12 2004
13 12 2004
14 12 2004
15 12 2004
16 12 2004
17 12 2004
18 12 2004
19 12 2004
20 12 2004
21 12 2004
22 12 2004
23 12 2004
24 12 2004
25 12 2004
26 12 2004
27 12 2004
28 12 2004
29 12 2004
30 12 2004
31 12 2004
1 1 2005
2 1 2005
3 1 2005
4 1 2005
5 1 2005
6 1 2005
7 1 2005
8 1 2005
9 1 2005
10 1 2005
11 1 2005
12 1 2005
13 1 2005
14 1 2005
15 1 2005
16 1 2005
17 1 2005
18 1 2005
19 1 2005
20 1 2005
21 1 2005
22 1 2005
23 1 2005
24 1 2005
25 1 2005
26 1 2005
27 1 2005
28 1 2005
29 1 2005
30 1 2005
31 1 2005
1 2 2005
2 2 2005
3 2 2005
4 2 2005
5 2 2005
6 2 2005
7 2 2005
8 2 2005
9 2 2005
10 2 2005
11 2 2005
12 2 2005
13 2 2005
14 2 2005
15 2 2005
16 2 2005
17 2 2005
18 2 2005
19 2 2005
20 2 2005
21 2 2005
22 2 2005
23 2 2005
24 2 2005
25 2 2005
26 2 2005
27 2 2005
28 2 2005
1 3 2005
2 3 2005
3 3 2005
4 3 2005
5 3 2005
6 3 2005
7 3 2005
8 3 2005
9 3 2005
10 3 2005
11 3 2005
12 3 2005
13 3 2005
14 3 2005
15 3 2005
16 3 2005
17 3 2005
18 3 2005
19 3 2005
20 3 2005
21 3 2005
22 3 2005
23 3 2005
24 3 2005
25 3 2005
26 3 2005
27 3 2005
28 3 2005
29 3 2005
30 3 2005
31 3 2005
1 4 2005
2 4 2005
3 4 2005
4 4 2005
5 4 2005
6 4 2005
7 4 2005
8 4 2005
9 4 2005
10 4 2005
11 4 2005
12 4 2005
13 4 2005
14 4 2005
15 4 2005
16 4 2005
17 4 2005
18 4 2005
19 4 2005
20 4 2005
21 4 2005
22 4 2005
23 4 2005
24 4 2005
25 4 2005
26 4 2005
27 4 2005
28 4 2005
29 4 2005
30 4 2005
1 5 2005
2 5 2005
3 5 2005
4 5 2005
5 5 2005
6 5 2005
7 5 2005
8 5 2005
9 5 2005
10 5 2005
11 5 2005
12 5 2005
13 5 2005
14 5 2005
15 5 2005
16 5 2005
17 5 2005
18 5 2005
19 5 2005
20 5 2005
21 5 2005
22 5 2005
23 5 2005
24 5 2005
25 5 2005
26 5 2005
27 5 2005
28 5 2005
29 5 2005
30 5 2005
31 5 2005
1 6 2005
2 6 2005
3 6 2005
4 6 2005
5 6 2005
6 6 2005
7 6 2005
8 6 2005
9 6 2005
10 6 2005
11 6 2005
12 6 2005
13 6 2005
14 6 2005
15 6 2005
16 6 2005
17 6 2005
18 6 2005
19 6 2005
20 6 2005
21 6 2005
22 6 2005
23 6 2005
24 6 2005
25 6 2005
26 6 2005
27 6 2005
28 6 2005
29 6 2005
30 6 2005
1 7 2005
2 7 2005
3 7 2005
4 7 2005
5 7 2005
6 7 2005
7 7 2005
8 7 2005
9 7 2005
10 7 2005
11 7 2005
12 7 2005
13 7 2005
14 7 2005
15 7 2005
16 7 2005
17 7 2005
18 7 2005
19 7 2005
20 7 2005
21 7 2005
22 7 2005
23 7 2005
24 7 2005
25 7 2005
26 7 2005
27 7 2005
28 7 2005
29 7 2005
30 7 2005
31 7 2005
1 8 2005
2 8 2005
3 8 2005
4 8 2005
5 8 2005
6 8 2005
7 8 2005
8 8 2005
9 8 2005
10 8 2005
11 8 2005
12 8 2005
13 8 2005
14 8 2005
15 8 2005
16 8 2005
17 8 2005
18 8 2005
19 8 2005
20 8 2005
21 8 2005
22 8 2005
23 8 2005
24 8 2005
25 8 2005
26 8 2005
27 8 2005
28 8 2005
29 8 2005
30 8 2005
31 8 2005
1 9 2005
2 9 2005
3 9 2005
4 9 2005
5 9 2005
6 9 2005
7 9 2005
8 9 2005
9 9 2005
10 9 2005
11 9 2005
12 9 2005
13 9 2005
14 9 2005
15 9 2005
16 9 2005
17 9 2005
18 9 2005
19 9 2005
20 9 2005
21 9 2005
22 9 2005
23 9 2005
24 9 2005
25 9 2005
26 9 2005
27 9 2005
28 9 2005
29 9 2005
30 9 2005
1 10 2005
2 10 2005
3 10 2005
4 10 2005
5 10 2005
6 10 2005
7 10 2005
8 10 2005
9 10 2005
10 10 2005
11 10 2005
12 10 2005
13 10 2005
14 10 2005
15 10 2005
16 10 2005
17 10 2005
18 10 2005
19 10 2005
20 10 2005
21 10 2005
22 10 2005
23 10 2005
24 10 2005
25 10 2005
26 10 2005
27 10 2005
28 10 2005
29 10 2005
30 10 2005
31 10 2005
1 11 2005
2 11 2005
3 11 2005
4 11 2005
5 11 2005
6 11 2005
7 11 2005
8 11 2005
9 11 2005
10 11 2005
11 11 2005
12 11 2005
13 11 2005
14 11 2005
15 11 2005
16 11 2005
17 11 2005
18 11 2005
19 11 2005
20 11 2005
21 11 2005
22 11 2005
23 11 2005
24 11 2005
25 11 2005
26 11 2005
27 11 2005
28 11 2005
29 11 2005
30 11 2005
1 12 2005
2 12 2005
3 12 2005
4 12 2005
5 12 2005
6 12 2005
7 12 2005
8 12 2005
9 12 2005
10 12 2005
11 12 2005
12 12 2005
13 12 2005
14 12 2005
15 12 2005
16 12 2005
17 12 2005
18 12 2005
19 12 2005
20 12 2005
21 12 2005
22 12 2005
23 12 2005
24 12 2005
25 12 2005
26 12 2005
27 12 2005
28 12 2005
29 12 2005
30 12 2005
31 12 2005
1 1 2006
2 1 2006
3 1 2006
4 1 2006
5 1 2006
6 1 2006
7 1 2006
8 1 2006
9 1 2006
10 1 2006
11 1 2006
12 1 2006
13 1 2006
14 1 2006
15 1 2006
16 1 2006
17 1 2006
18 1 2006
19 1 2006
20 1 2006
21 1 2006
22 1 2006
23 1 2006
24 1 2006
25 1 2006
26 1 2006
27 1 2006
28 1 2006
29 1 2006
30 1 2006
31 1 2006
1 2 2006
2 2 2006
3 2 2006
4 2 2006
5 2 2006
6 2 2006
7 2 2006
8 2 2006
9 2 2006
10 2 2006
11 2 2006
12 2 2006
13 2 2006
14 2 2006
15 2 2006
16 2 2006
17 2 2006
18 2 2006
19 2 2006
20 2 2006
21 2 2006
22 2 2006
23 2 2006
24 2 2006
25 2 2006
26 2 2006
27 2 2006
28 2 2006
1 3 2006
2 3 2006
3 3 2006
4 3 2006
5 3 2006
6 3 2006
7 3 2006
8 3 2006
9 3 2006
10 3 2006
11 3 2006
12 3 2006
13 3 2006
14 3 2006
15 3 2006
16 3 2006
17 3 2006
18 3 2006
19 3 2006
20 3 2006
21 3 2006
22 3 2006
23 3 2006
24 3 2006
25 3 2006
26 3 2006
27 3 2006
28 3 2006
29 3 2006
30 3 2006
31 3 2006
1 4 2006
2 4 2006
3 4 2006
4 4 2006
5 4 2006
6 4 2006
7 4 2006
8 4 2006
9 4 2006
10 4 2006
11 4 2006
12 4 2006
13 4 2006
14 4 2006
15 4 2006
16 4 2006
17 4 2006
18 4 2006
19 4 2006
20 4 2006
21 4 2006
22 4 2006
23 4 2006
24 4 2006
25 4 2006
26 4 2006
27 4 2006
28 4 2006
29 4 2006
30 4 2006
1 5 2006
2 5 2006
3 5 2006
4 5 2006
5 5 2006
6 5 2006
7 5 2006
8 5 2006
9 5 2006
10 5 2006
11 5 2006
12 5 2006
13 5 2006
14 5 2006
15 5 2006
16 5 2006
17 5 2006
18 5 2006
19 5 2006
20 5 2006
21 5 2006
22 5 2006
23 5 2006
24 5 2006
25 5 2006
26 5 2006
27 5 2006
28 5 2006
29 5 2006
30 5 2006
31 5 2006
1 6 2006
2 6 2006
3 6 2006
4 6 2006
5 6 2006
6 6 2006
7 6 2006
8 6 2006
9 6 2006
10 6 2006
11 6 2006
12 6 2006
13 6 2006
14 6 2006
15 6 2006
16 6 2006
17 6 2006
18 6 2006
19 6 2006
20 6 2006
21 6 2006
22 6 2006
23 6 2006
24 6 2006
25 6 2006
26 6 2006
27 6 2006
28 6 2006
29 6 2006
30 6 2006
1 7 2006
2 7 2006
3 7 2006
4 7 2006
5 7 2006
6 7 2006
7 7 2006
8 7 2006
9 7 2006
10 7 2006
11 7 2006
12 7 2006
13 7 2006
14 7 2006
15 7 2006
16 7 2006
17 7 2006
18 7 2006
19 7 2006
20 7 2006
21 7 2006
22 7 2006
23 7 2006
24 7 2006
25 7 2006
26 7 2006
27 7 2006
28 7 2006
29 7 2006
30 7 2006
31 7 2006
1 8 2006
2 8 2006
3 8 2006
4 8 2006
5 8 2006
6 8 2006
7 8 2006
8 8 2006
9 8 2006
10 8 2006
11 8 2006
12 8 2006
13 8 2006
14 8 2006
15 8 2006
16 8 2006
17 8 2006
18 8 2006
19 8 2006
20 8 2006
21 8 2006
22 8 2006
23 8 2006
24 8 2006
25 8 2006
26 8 2006
27 8 2006
28 8 2006
29 8 2006
30 8 2006
31 8 2006
1 9 2006
2 9 2006
3 9 2006
4 9 2006
5 9 2006
6 9 2006
7 9 2006
8 9 2006
9 9 2006
10 9 2006
11 9 2006
12 9 2006
13 9 2006
14 9 2006
15 9 2006
16 9 2006
17 9 2006
18 9 2006
19 9 2006
20 9 2006
21 9 2006
22 9 2006
23 9 2006
24 9 2006
25 9 2006
26 9 2006
27 9 2006
28 9 2006
29 9 2006
30 9 2006
1 10 2006
2 10 2006
3 10 2006
4 10 2006
5 10 2006
6 10 2006
7 10 2006
8 10 2006
9 10 2006
10 10 2006
11 10 2006
12 10 2006
13 10 2006
14 10 2006
15 10 2006
16 10 2006
17 10 2006
18 10 2006
19 10 2006
20 10 2006
21 10 2006
22 10 2006
23 10 2006
24 10 2006
25 10 2006
26 10 2006
27 10 2006
28 10 2006
29 10 2006
30 10 2006
31 10 2006
1 11 2006
2 11 2006
3 11 2006
4 11 2006
5 11 2006
6 11 2006
7 11 2006
8 11 2006
9 11 2006
10 11 2006
11 11 2006
12 11 2006
13 11 2006
14 11 2006
15 11 2006
16 11 2006
17 11 2006
18 11 2006
19 11 2006
20 11 2006
21 11 2006
22 11 2006
23 11 2006
24 11 2006
25 11 2006
26 11 2006
27 11 2006
28 11 2006
29 11 2006
30 11 2006
1 12 2006
2 12 2006
3 12 2006
4 12 2006
5 12 2006
6 12 2006
7 12 2006
8 12 2006
9 12 2006
10 12 2006
11 12 2006
12 12 2006
13 12 2006
14 12 2006
15 12 2006
16 12 2006
17 12 2006
18 12 2006
19 12 2006
20 12 2006
21 12 2006
22 12 2006
23 12 2006
24 12 2006
25 12 2006
26 12 2006
27 12 2006
28 12 2006
29 12 2006
30 12 2006
31 12 2006
1 1 2007
2 1 2007
3 1 2007
4 1 2007
5 1 2007
6 1 2007
7 1 2007
8 1 2007
9 1 2007
10 1 2007
11 1 2007
12 1 2007
13 1 2007
14 1 2007
15 1 2007
16 1 2007
17 1 2007
18 1 2007
19 1 2007
20 1 2007
21 1 2007
22 1 2007
23 1 2007
24 1 2007
25 1 2007
26 1 2007
27 1 2007
28 1 2007
29 1 2007
30 1 2007
31 1 2007
1 2 2007
2 2 2007
3 2 2007
4 2 2007
5 2 2007
6 2 2007
7 2 2007
8 2 2007
9 2 2007
10 2 2007
11 2 2007
12 2 2007
13 2 2007
14 2 2007
15 2 2007
16 2 2007
17 2 2007
18 2 2007
19 2 2007
20 2 2007
21 2 2007
22 2 2007
23 2 2007
24 2 2007
25 2 2007
26 2 2007
27 2 2007
28 2 2007
1 3 2007
2 3 2007
3 3 2007
4 3 2007
5 3 2007
6 3 2007
7 3 2007
8 3 2007
9 3 2007
10 3 2007
11 3 2007
12 3 2007
13 3 2007
14 3 2007
15 3 2007
16 3 2007
17 3 2007
18 3 2007
19 3 2007
20 3 2007
21 3 2007
22 3 2007
23 3 2007
24 3 2007
25 3 2007
26 3 2007
27 3 2007
28 3 2007
29 3 2007
30 3 2007
31 3 2007
1 4 2007
2 4 2007
3 4 2007
4 4 2007
5 4 2007
6 4 2007
7 4 2007
8 4 2007
9 4 2007
10 4 2007
11 4 2007
12 4 2007
13 4 2007
14 4 2007
15 4 2007
16 4 2007
17 4 2007
18 4 2007
19 4 2007
20 4 2007
21 4 2007
22 4 2007
23 4 2007
24 4 2007
25 4 2007
26 4 2007
27 4 2007
28 4 2007
29 4 2007
30 4 2007
1 5 2007
2 5 2007
3 5 2007
4 5 2007
5 5 2007
6 5 2007
7 5 2007
8 5 2007
9 5 2007
10 5 2007
11 5 2007
12 5 2007
13 5 2007
14 5 2007
15 5 2007
16 5 2007
17 5 2007
18 5 2007
19 5 2007
20 5 2007
21 5 2007
22 5 2007
23 5 2007
24 5 2007
25 5 2007
26 5 2007
27 5 2007
28 5 2007
29 5 2007
30 5 2007
31 5 2007
1 6 2007
2 6 2007
3 6 2007
4 6 2007
5 6 2007
6 6 2007
7 6 2007
8 6 2007
9 6 2007
10 6 2007
11 6 2007
12 6 2007
13 6 2007
14 6 2007
15 6 2007
16 6 2007
17 6 2007
18 6 2007
19 6 2007
20 6 2007
21 6 2007
22 6 2007
23 6 2007
24 6 2007
25 6 2007
26 6 2007
27 6 2007
28 6 2007
29 6 2007
30 6 2007
1 7 2007
2 7 2007
3 7 2007
4 7 2007
5 7 2007
6 7 2007
7 7 2007
8 7 2007
9 7 2007
10 7 2007
11 7 2007
12 7 2007
13 7 2007
14 7 2007
15 7 2007
16 7 2007
17 7 2007
18 7 2007
19 7 2007
20 7 2007
21 7 2007
22 7 2007
23 7 2007
24 7 2007
25 7 2007
26 7 2007
27 7 2007
28 7 2007
29 7 2007
30 7 2007
31 7 2007
1 8 2007
2 8 2007
3 8 2007
4 8 2007
5 8 2007
6 8 2007
7 8 2007
8 8 2007
9 8 2007
10 8 2007
11 8 2007
12 8 2007
13 8 2007
14 8 2007
15 8 2007
16 8 2007
17 8 2007
18 8 2007
19 8 2007
20 8 2007
21 8 2007
22 8 2007
23 8 2007
24 8 2007
25 8 2007
26 8 2007
27 8 2007
28 8 2007
29 8 2007
30 8 2007
31 8 2007
1 9 2007
2 9 2007
3 9 2007
4 9 2007
5 9 2007
6 9 2007
7 9 2007
8 9 2007
9 9 2007
10 9 2007
11 9 2007
12 9 2007
13 9 2007
14 9 2007
15 9 2007
16 9 2007
17 9 2007
18 9 2007
19 9 2007
20 9 2007
21 9 2007
22 9 2007
23 9 2007
24 9 2007
25 9 2007
26 9 2007
27 9 2007
28 9 2007
29 9 2007
30 9 2007
1 10 2007
2 10 2007
3 10 2007
4 10 2007
5 10 2007
6 10 2007
7 10 2007
8 10 2007
9 10 2007
10 10 2007
11 10 2007
12 10 2007
13 10 2007
14 10 2007
15 10 2007
16 10 2007
17 10 2007
18 10 2007
19 10 2007
20 10 2007
21 10 2007
22 10 2007
23 10 2007
24 10 2007
25 10 2007
26 10 2007
27 10 2007
28 10 2007
29 10 2007
30 10 2007
31 10 2007
1 11 2007
2 11 2007
3 11 2007
4 11 2007
5 11 2007
6 11 2007
7 11 2007
8 11 2007
9 11 2007
10 11 2007
11 11 2007
12 11 2007
13 11 2007
14 11 2007
15 11 2007
16 11 2007
17 11 2007
18 11 2007
19 11 2007
20 11 2007
21 11 2007
22 11 2007
23 11 2007
24 11 2007
25 11 2007
26 11 2007
27 11 2007
28 11 2007
29 11 2007
30 11 2007
1 12 2007
2 12 2007
3 12 2007
4 12 2007
5 12 2007
6 12 2007
7 12 2007
8 12 2007
9 12 2007
10 12 2007
11 12 2007
12 12 2007
13 12 2007
14 12 2007
15 12 2007
16 12 2007
17 12 2007
18 12 2007
19 12 2007
20 12 2007
21 12 2007
22 12 2007
23 12 2007
24 12 2007
25 12 2007
26 12 2007
27 12 2007
28 12 2007
29 12 2007
30 12 2007
31 12 2007
1 1 2008
2 1 2008
3 1 2008
4 1 2008
5 1 2008
6 1 2008
7 1 2008
8 1 2008
9 1 2008
10 1 2008
11 1 2008
12 1 2008
13 1 2008
14 1 2008
15 1 2008
16 1 2008
17 1 2008
18 1 2008
19 1 2008
20 1 2008
21 1 2008
22 1 2008
23 1 2008
24 1 2008
25 1 2008
26 1 2008
27 1 2008
28 1 2008
29 1 2008
30 1 2008
31 1 2008
1 2 2008
2 2 2008
3 2 2008
4 2 2008
5 2 2008
6 2 2008
7 2 2008
8 2 2008
9 2 2008
10 2 2008
11 2 2008
12 2 2008
13 2 2008
14 2 2008
15 2 2008
16 2 2008
17 2 2008
18 2 2008
19 2 2008
20 2 2008
21 2 2008
22 2 2008
23 2 2008
24 2 2008
25 2 2008
26 2 2008
27 2 2008
28 2 2008
29 2 2008
1 3 2008
2 3 2008
3 3 2008
4 3 2008
5 3 2008
6 3 2008
7 3 2008
8 3 2008
9 3 2008
10 3 2008
11 3 2008
12 3 2008
13 3 2008
14 3 2008
15 3 2008
16 3 2008
17 3 2008
18 3 2008
19 3 2008
20 3 2008
21 3 2008
22 3 2008
23 3 2008
24 3 2008
25 3 2008
26 3 2008
27 3 2008
28 3 2008
29 3 2008
30 3 2008
31 3 2008
1 4 2008
2 4 2008
3 4 2008
4 4 2008
5 4 2008
6 4 2008
7 4 2008
8 4 2008
9 4 2008
10 4 2008
11 4 2008
12 4 2008
13 4 2008
14 4 2008
15 4 2008
16 4 2008
17 4 2008
18 4 2008
19 4 2008
20 4 2008
21 4 2008
22 4 2008
23 4 2008
24 4 2008
25 4 2008
26 4 2008
27 4 2008
28 4 2008
29 4 2008
30 4 2008
1 5 2008
2 5 2008
3 5 2008
4 5 2008
5 5 2008
6 5 2008
7 5 2008
8 5 2008
9 5 2008
10 5 2008
11 5 2008
12 5 2008
13 5 2008
14 5 2008
15 5 2008
16 5 2008
17 5 2008
18 5 2008
19 5 2008
20 5 2008
21 5 2008
22 5 2008
23 5 2008
24 5 2008
25 5 2008
26 5 2008
27 5 2008
28 5 2008
29 5 2008
30 5 2008
31 5 2008
1 6 2008
2 6 2008
3 6 2008
4 6 2008
5 6 2008
6 6 2008
7 6 2008
8 6 2008
9 6 2008
10 6 2008
11 6 2008
12 6 2008
13 6 2008
14 6 2008
15 6 2008
16 6 2008
17 6 2008
18 6 2008
19 6 2008
20 6 2008
21 6 2008
22 6 2008
23 6 2008
24 6 2008
25 6 2008
26 6 2008
27 6 2008
28 6 2008
29 6 2008
30 6 2008
1 7 2008
2 7 2008
3 7 2008
4 7 2008
5 7 2008
6 7 2008
7 7 2008
8 7 2008
9 7 2008
10 7 2008
11 7 2008
12 7 2008
13 7 2008
14 7 2008
15 7 2008
16 7 2008
17 7 2008
18 7 2008
19 7 2008
20 7 2008
21 7 2008
22 7 2008
23 7 2008
24 7 2008
25 7 2008
26 7 2008
27 7 2008
28 7 2008
29 7 2008
30 7 2008
31 7 2008
1 8 2008
2 8 2008
3 8 2008
4 8 2008
5 8 2008
6 8 2008
7 8 2008
8 8 2008
9 8 2008
10 8 2008
11 8 2008
12 8 2008
13 8 2008
14 8 2008
15 8 2008
16 8 2008
17 8 2008
18 8 2008
19 8 2008
20 8 2008
21 8 2008
22 8 2008
23 8 2008
24 8 2008
25 8 2008
26 8 2008
27 8 2008
28 8 2008
29 8 2008
30 8 2008
31 8 2008
1 9 2008
2 9 2008
3 9 2008
4 9 2008
5 9 2008
6 9 2008
7 9 2008
8 9 2008
9 9 2008
10 9 2008
11 9 2008
12 9 2008
13 9 2008
14 9 2008
15 9 2008
16 9 2008
17 9 2008
18 9 2008
19 9 2008
20 9 2008
21 9 2008
22 9 2008
23 9 2008
24 9 2008
25 9 2008
26 9 2008
27 9 2008
28 9 2008
29 9 2008
30 9 2008
1 10 2008
2 10 2008
3 10 2008
4 10 2008
5 10 2008
6 10 2008
7 10 2008
8 10 2008
9 10 2008
10 10 2008
11 10 2008
12 10 2008
13 10 2008
14 10 2008
15 10 2008
16 10 2008
17 10 2008
18 10 2008
19 10 2008
20 10 2008
21 10 2008
22 10 2008
23 10 2008
24 10 2008
25 10 2008
26 10 2008
27 10 2008
28 10 2008
29 10 2008
30 10 2008
31 10 2008
1 11 2008
2 11 2008
3 11 2008
4 11 2008
5 11 2008
6 11 2008
7 11 2008
8 11 2008
9 11 2008
10 11 2008
11 11 2008
12 11 2008
13 11 2008
14 11 2008
15 11 2008
16 11 2008
17 11 2008
18 11 2008
19 11 2008
20 11 2008
21 11 2008
22 11 2008
23 11 2008
24 11 2008
25 11 2008
26 11 2008
27 11 2008
28 11 2008
29 11 2008
30 11 2008
1 12 2008
2 12 2008
3 12 2008
4 12 2008
5 12 2008
6 12 2008
7 12 2008
8 12 2008
9 12 2008
10 12 2008
11 12 2008
12 12 2008
13 12 2008
14 12 2008
15 12 2008
16 12 2008
17 12 2008
18 12 2008
19 12 2008
20 12 2008
21 12 2008
22 12 2008
23 12 2008
24 12 2008
25 12 2008
26 12 2008
27 12 2008
28 12 2008
29 12 2008
30 12 2008
31 12 2008
1 1 2009
2 1 2009
3 1 2009
4 1 2009
5 1 2009
6 1 2009
7 1 2009
8 1 2009
9 1 2009
10 1 2009
11 1 2009
12 1 2009
13 1 2009
14 1 2009
15 1 2009
16 1 2009
17 1 2009
18 1 2009
19 1 2009
20 1 2009
21 1 2009
22 1 2009
23 1 2009
24 1 2009
25 1 2009
26 1 2009
27 1 2009
28 1 2009
29 1 2009
30 1 2009
31 1 2009
1 2 2009
2 2 2009
3 2 2009
4 2 2009
5 2 2009
6 2 2009
7 2 2009
8 2 2009
9 2 2009
10 2 2009
11 2 2009
12 2 2009
13 2 2009
14 2 2009
15 2 2009
16 2 2009
17 2 2009
18 2 2009
19 2 2009
20 2 2009
21 2 2009
22 2 2009
23 2 2009
24 2 2009
25 2 2009
26 2 2009
27 2 2009
28 2 2009
1 3 2009
2 3 2009
3 3 2009
4 3 2009
5 3 2009
6 3 2009
7 3 2009
8 3 2009
9 3 2009
10 3 2009
11 3 2009
12 3 2009
13 3 2009
14 3 2009
15 3 2009
16 3 2009
17 3 2009
18 3 2009
19 3 2009
20 3 2009
21 3 2009
22 3 2009
23 3 2009
24 3 2009
25 3 2009
26 3 2009
27 3 2009
28 3 2009
29 3 2009
30 3 2009
31 3 2009
1 4 2009
2 4 2009
3 4 2009
4 4 2009
5 4 2009
6 4 2009
7 4 2009
8 4 2009
9 4 2009
10 4 2009
11 4 2009
12 4 2009
13 4 2009
14 4 2009
15 4 2009
16 4 2009
17 4 2009
18 4 2009
19 4 2009
20 4 2009
21 4 2009
22 4 2009
23 4 2009
24 4 2009
25 4 2009
26 4 2009
27 4 2009
28 4 2009
29 4 2009
30 4 2009
1 5 2009
2 5 2009
3 5 2009
4 5 2009
5 5 2009
6 5 2009
7 5 2009
8 5 2009
9 5 2009
10 5 2009
11 5 2009
12 5 2009
13 5 2009
14 5 2009
15 5 2009
16 5 2009
17 5 2009
18 5 2009
19 5 2009
20 5 2009
21 5 2009
22 5 2009
23 5 2009
24 5 2009
25 5 2009
26 5 2009
27 5 2009
28 5 2009
29 5 2009
30 5 2009
31 5 2009
1 6 2009
2 6 2009
3 6 2009
4 6 2009
5 6 2009
6 6 2009
7 6 2009
8 6 2009
9 6 2009
10 6 2009
11 6 2009
12 6 2009
13 6 2009
14 6 2009
15 6 2009
16 6 2009
17 6 2009
18 6 2009
19 6 2009
20 6 2009
21 6 2009
22 6 2009
23 6 2009
24 6 2009
25 6 2009
26 6 2009
27 6 2009
28 6 2009
29 6 2009
30 6 2009
1 7 2009
2 7 2009
3 7 2009
4 7 2009
5 7 2009
6 7 2009
7 7 2009
8 7 2009
9 7 2009
10 7 2009
11 7 2009
12 7 2009
13 7 2009
14 7 2009
15 7 2009
16 7 2009
17 7 2009
18 7 2009
19 7 2009
20 7 2009
21 7 2009
22 7 2009
23 7 2009
24 7 2009
25 7 2009
26 7 2009
27 7 2009
28 7 2009
29 7 2009
30 7 2009
31 7 2009
1 8 2009
2 8 2009
3 8 2009
4 8 2009
5 8 2009
6 8 2009
7 8 2009
8 8 2009
9 8 2009
10 8 2009
11 8 2009
12 8 2009
13 8 2009
14 8 2009
15 8 2009
16 8 2009
17 8 2009
18 8 2009
19 8 2009
20 8 2009
21 8 2009
22 8 2009
23 8 2009
24 8 2009
25 8 2009
26 8 2009
27 8 2009
28 8 2009
29 8 2009
30 8 2009
31 8 2009
1 9 2009
2 9 2009
3 9 2009
4 9 2009
5 9 2009
6 9 2009
7 9 2009
8 9 2009
9 9 2009
10 9 2009
11 9 2009
12 9 2009
13 9 2009
14 9 2009
15 9 2009
16 9 2009
17 9 2009
18 9 2009
19 9 2009
20 9 2009
21 9 2009
22 9 2009
23 9 2009
24 9 2009
25 9 2009
26 9 2009
27 9 2009
28 9 2009
29 9 2009
30 9 2009
1 10 2009
2 10 2009
3 10 2009
4 10 2009
5 10 2009
6 10 2009
7 10 2009
8 10 2009
9 10 2009
10 10 2009
11 10 2009
12 10 2009
13 10 2009
14 10 2009
15 10 2009
16 10 2009
17 10 2009
18 10 2009
19 10 2009
20 10 2009
21 10 2009
22 10 2009
23 10 2009
24 10 2009
25 10 2009
26 10 2009
27 10 2009
28 10 2009
29 10 2009
30 10 2009
31 10 2009
1 11 2009
2 11 2009
3 11 2009
4 11 2009
5 11 2009
6 11 2009
7 11 2009
8 11 2009
9 11 2009
10 11 2009
11 11 2009
12 11 2009
13 11 2009
14 11 2009
15 11 2009
16 11 2009
17 11 2009
18 11 2009
19 11 2009
20 11 2009
21 11 2009
22 11 2009
23 11 2009
24 11 2009
25 11 2009
26 11 2009
27 11 2009
28 11 2009
29 11 2009
30 11 2009
1 12 2009
2 12 2009
3 12 2009
4 12 2009
5 12 2009
6 12 2009
7 12 2009
8 12 2009
9 12 2009
10 12 2009
11 12 2009
12 12 2009
13 12 2009
14 12 2009
15 12 2009
16 12 2009
17 12 2009
18 12 2009
19 12 2009
20 12 2009
21 12 2009
22 12 2009
23 12 2009
24 12 2009
25 12 2009
26 12 2009
27 12 2009
28 12 2009
29 12 2009
30 12 2009
31 12 2009
1 1 2010
2 1 2010
3 1 2010
4 1 2010
5 1 2010
6 1 2010
7 1 2010
8 1 2010
9 1 2010
10 1 2010
11 1 2010
12 1 2010
13 1 2010
14 1 2010
15 1 2010
16 1 2010
17 1 2010
18 1 2010
19 1 2010
20 1 2010
21 1 2010
22 1 2010
23 1 2010
24 1 2010
25 1 2010
26 1 2010
27 1 2010
28 1 2010
29 1 2010
30 1 2010
31 1 2010
1 2 2010
2 2 2010
3 2 2010
4 2 2010
5 2 2010
6 2 2010
7 2 2010
8 2 2010
9 2 2010
10 2 2010
11 2 2010
12 2 2010
13 2 2010
14 2 2010
15 2 2010
16 2 2010
17 2 2010
18 2 2010
19 2 2010
20 2 2010
21 2 2010
22 2 2010
23 2 2010
24 2 2010
25 2 2010
26 2 2010
27 2 2010
28 2 2010
1 3 2010
2 3 2010
3 3 2010
4 3 2010
5 3 2010
6 3 2010
7 3 2010
8 3 2010
9 3 2010
10 3 2010
11 3 2010
12 3 2010
13 3 2010
14 3 2010
15 3 2010
16 3 2010
17 3 2010
18 3 2010
19 3 2010
20 3 2010
21 3 2010
22 3 2010
23 3 2010
24 3 2010
25 3 2010
26 3 2010
27 3 2010
28 3 2010
29 3 2010
30 3 2010
31 3 2010
1 4 2010
2 4 2010
3 4 2010
4 4 2010
5 4 2010
6 4 2010
7 4 2010
8 4 2010
9 4 2010
10 4 2010
11 4 2010
12 4 2010
13 4 2010
14 4 2010
15 4 2010
16 4 2010
17 4 2010
18 4 2010
19 4 2010
20 4 2010
21 4 2010
22 4 2010
23 4 2010
24 4 2010
25 4 2010
26 4 2010
27 4 2010
28 4 2010
29 4 2010
30 4 2010
1 5 2010
2 5 2010
3 5 2010
4 5 2010
5 5 2010
6 5 2010
7 5 2010
8 5 2010
9 5 2010
10 5 2010
11 5 2010
12 5 2010
13 5 2010
14 5 2010
15 5 2010
16 5 2010
17 5 2010
18 5 2010
19 5 2010
20 5 2010
21 5 2010
22 5 2010
23 5 2010
24 5 2010
25 5 2010
26 5 2010
27 5 2010
28 5 2010
29 5 2010
30 5 2010
31 5 2010
1 6 2010
2 6 2010
3 6 2010
4 6 2010
5 6 2010
6 6 2010
7 6 2010
8 6 2010
9 6 2010
10 6 2010
11 6 2010
12 6 2010
13 6 2010
14 6 2010
15 6 2010
16 6 2010
17 6 2010
18 6 2010
19 6 2010
20 6 2010
21 6 2010
22 6 2010
23 6 2010
24 6 2010
25 6 2010
26 6 2010
27 6 2010
28 6 2010
29 6 2010
30 6 2010
1 7 2010
2 7 2010
3 7 2010
4 7 2010
5 7 2010
6 7 2010
7 7 2010
8 7 2010
9 7 2010
10 7 2010
11 7 2010
12 7 2010
13 7 2010
14 7 2010
15 7 2010
16 7 2010
17 7 2010
18 7 2010
19 7 2010
20 7 2010
21 7 2010
22 7 2010
23 7 2010
24 7 2010
25 7 2010
26 7 2010
27 7 2010
28 7 2010
29 7 2010
30 7 2010
31 7 2010
1 8 2010
2 8 2010
3 8 2010
4 8 2010
5 8 2010
6 8 2010
7 8 2010
8 8 2010
9 8 2010
10 8 2010
11 8 2010
12 8 2010
13 8 2010
14 8 2010
15 8 2010
16 8 2010
17 8 2010
18 8 2010
19 8 2010
20 8 2010
21 8 2010
22 8 2010
23 8 2010
24 8 2010
25 8 2010
26 8 2010
27 8 2010
28 8 2010
29 8 2010
30 8 2010
31 8 2010
1 9 2010
2 9 2010
3 9 2010
4 9 2010
5 9 2010
6 9 2010
7 9 2010
8 9 2010
9 9 2010
10 9 2010
11 9 2010
12 9 2010
13 9 2010
14 9 2010
15 9 2010
16 9 2010
17 9 2010
18 9 2010
19 9 2010
20 9 2010
21 9 2010
22 9 2010
23 9 2010
24 9 2010
25 9 2010
26 9 2010
27 9 2010
28 9 2010
29 9 2010
30 9 2010
1 10 2010
2 10 2010
3 10 2010
4 10 2010
5 10 2010
6 10 2010
7 10 2010
8 10 2010
9 10 2010
10 10 2010
11 10 2010
12 10 2010
13 10 2010
14 10 2010
15 10 2010
16 10 2010
17 10 2010
18 10 2010
19 10 2010
20 10 2010
21 10 2010
22 10 2010
23 10 2010
24 10 2010
25 10 2010
26 10 2010
27 10 2010
28 10 2010
29 10 2010
30 10 2010
31 10 2010
1 11 2010
2 11 2010
3 11 2010
4 11 2010
5 11 2010
6 11 2010
7 11 2010
8 11 2010
9 11 2010
10 11 2010
11 11 2010
12 11 2010
13 11 2010
14 11 2010
15 11 2010
16 11 2010
17 11 2010
18 11 2010
19 11 2010
20 11 2010
21 11 2010
22 11 2010
23 11 2010
24 11 2010
25 11 2010
26 11 2010
27 11 2010
28 11 2010
29 11 2010
30 11 2010
1 12 2010
2 12 2010
3 12 2010
4 12 2010
5 12 2010
6 12 2010
7 12 2010
8 12 2010
9 12 2010
10 12 2010
11 12 2010
12 12 2010
13 12 2010
14 12 2010
15 12 2010
16 12 2010
17 12 2010
18 12 2010
19 12 2010
20 12 2010
21 12 2010
22 12 2010
23 12 2010
24 12 2010
25 12 2010
26 12 2010
27 12 2010
28 12 2010
29 12 2010
30 12 2010
31 12 2010
1 1 2011
2 1 2011
3 1 2011
4 1 2011
5 1 2011
6 1 2011
7 1 2011
8 1 2011
9 1 2011
10 1 2011
11 1 2011
12 1 2011
13 1 2011
14 1 2011
15 1 2011
16 1 2011
17 1 2011
18 1 2011
19 1 2011
20 1 2011
21 1 2011
22 1 2011
23 1 2011
24 1 2011
25 1 2011
26 1 2011
27 1 2011
28 1 2011
29 1 2011
30 1 2011
31 1 2011
1 2 2011
2 2 2011
3 2 2011
4 2 2011
5 2 2011
6 2 2011
7 2 2011
8 2 2011
9 2 2011
10 2 2011
11 2 2011
12 2 2011
13 2 2011
14 2 2011
15 2 2011
16 2 2011
17 2 2011
18 2 2011
19 2 2011
20 2 2011
21 2 2011
22 2 2011
23 2 2011
24 2 2011
25 2 2011
26 2 2011
27 2 2011
28 2 2011
1 3 2011
2 3 2011
3 3 2011
4 3 2011
5 3 2011
6 3 2011
7 3 2011
8 3 2011
9 3 2011
10 3 2011
11 3 2011
12 3 2011
13 3 2011
14 3 2011
15 3 2011
16 3 2011
17 3 2011
18 3 2011
19 3 2011
20 3 2011
21 3 2011
22 3 2011
23 3 2011
24 3 2011
25 3 2011
26 3 2011
27 3 2011
28 3 2011
29 3 2011
30 3 2011
31 3 2011
1 4 2011
2 4 2011
3 4 2011
4 4 2011
5 4 2011
6 4 2011
7 4 2011
8 4 2011
9 4 2011
10 4 2011
11 4 2011
12 4 2011
13 4 2011
14 4 2011
15 4 2011
16 4 2011
17 4 2011
18 4 2011
19 4 2011
20 4 2011
21 4 2011
22 4 2011
23 4 2011
24 4 2011
25 4 2011
26 4 2011
27 4 2011
28 4 2011
29 4 2011
30 4 2011
1 5 2011
2 5 2011
3 5 2011
4 5 2011
5 5 2011
6 5 2011
7 5 2011
8 5 2011
9 5 2011
10 5 2011
11 5 2011
12 5 2011
13 5 2011
14 5 2011
15 5 2011
16 5 2011
17 5 2011
18 5 2011
19 5 2011
20 5 2011
21 5 2011
22 5 2011
23 5 2011
24 5 2011
25 5 2011
26 5 2011
27 5 2011
28 5 2011
29 5 2011
30 5 2011
31 5 2011
1 6 2011
2 6 2011
3 6 2011
4 6 2011
5 6 2011
6 6 2011
7 6 2011
8 6 2011
9 6 2011
10 6 2011
11 6 2011
12 6 2011
13 6 2011
14 6 2011
15 6 2011
16 6 2011
17 6 2011
18 6 2011
19 6 2011
20 6 2011
21 6 2011
22 6 2011
23 6 2011
24 6 2011
25 6 2011
26 6 2011
27 6 2011
28 6 2011
29 6 2011
30 6 2011
1 7 2011
2 7 2011
3 7 2011
4 7 2011
5 7 2011
6 7 2011
7 7 2011
8 7 2011
9 7 2011
10 7 2011
11 7 2011
12 7 2011
13 7 2011
14 7 2011
15 7 2011
16 7 2011
17 7 2011
18 7 2011
19 7 2011
20 7 2011
21 7 2011
22 7 2011
23 7 2011
24 7 2011
25 7 2011
26 7 2011
27 7 2011
28 7 2011
29 7 2011
30 7 2011
31 7 2011
1 8 2011
2 8 2011
3 8 2011
4 8 2011
5 8 2011
6 8 2011
7 8 2011
8 8 2011
9 8 2011
10 8 2011
11 8 2011
12 8 2011
13 8 2011
14 8 2011
15 8 2011
16 8 2011
17 8 2011
18 8 2011
19 8 2011
20 8 2011
21 8 2011
22 8 2011
23 8 2011
24 8 2011
25 8 2011
26 8 2011
27 8 2011
28 8 2011
29 8 2011
30 8 2011
31 8 2011
1 9 2011
2 9 2011
3 9 2011
4 9 2011
5 9 2011
6 9 2011
7 9 2011
8 9 2011
9 9 2011
10 9 2011
11 9 2011
12 9 2011
13 9 2011
14 9 2011
15 9 2011
16 9 2011
17 9 2011
18 9 2011
19 9 2011
20 9 2011
21 9 2011
22 9 2011
23 9 2011
24 9 2011
25 9 2011
26 9 2011
27 9 2011
28 9 2011
29 9 2011
30 9 2011
1 10 2011
2 10 2011
3 10 2011
4 10 2011
5 10 2011
6 10 2011
7 10 2011
8 10 2011
9 10 2011
10 10 2011
11 10 2011
12 10 2011
13 10 2011
14 10 2011
15 10 2011
16 10 2011
17 10 2011
18 10 2011
19 10 2011
20 10 2011
21 10 2011
22 10 2011
23 10 2011
24 10 2011
25 10 2011
26 10 2011
27 10 2011
28 10 2011
29 10 2011
30 10 2011
31 10 2011
1 11 2011
2 11 2011
3 11 2011
4 11 2011
5 11 2011
6 11 2011
7 11 2011
8 11 2011
9 11 2011
10 11 2011
11 11 2011
12 11 2011
13 11 2011
14 11 2011
15 11 2011
16 11 2011
17 11 2011
18 11 2011
19 11 2011
20 11 2011
21 11 2011
22 11 2011
23 11 2011
24 11 2011
25 11 2011
26 11 2011
27 11 2011
28 11 2011
29 11 2011
30 11 2011
1 12 2011
2 12 2011
3 12 2011
4 12 2011
5 12 2011
6 12 2011
7 12 2011
8 12 2011
9 12 2011
10 12 2011
11 12 2011
12 12 2011
13 12 2011
14 12 2011
15 12 2011
16 12 2011
17 12 2011
18 12 2011
19 12 2011
20 12 2011
21 12 2011
22 12 2011
23 12 2011
24 12 2011
25 12 2011
26 12 2011
27 12 2011
28 12 2011
29 12 2011
30 12 2011
31 12 2011
1 1 2012
2 1 2012
3 1 2012
4 1 2012
5 1 2012
