1000
75 41 1457
32 37 972
34 66 2219
73 63 1103
71 61 1823
29 6 147
27 31 641
16 5 66
53 34 7
28 13 325
28 64 1262
59 20 608
11 53 63
34 28 855
66 75 410
58 28 906
72 32 869
17 47 381
5 24 2
37 51 1557
54 3 66
59 38 1206
3 25 13
13 59 7
9 26 96
20 8 108
37 56 926
8 49 22
36 53 114
74 66 2973
49 44 1436
64 5 8
24 7 5
36 19 556
75 5 173
15 1 15
57 37 536
33 45 1302
54 57 1406
24 33 185
72 58 2330
48 47 969
37 47 122
51 7 293
48 58 2707
70 72 3685
1 30 9
39 39 1244
51 18 461
17 18 248
48 14 456
25 61 421
58 23 671
23 73 1263
58 23 911
74 17 360
15 18 241
68 56 2859
67 8 424
25 24 36
14 72 343
38 73 2174
10 56 11
51 55 2670
52 37 1691
58 35 479
14 26 134
75 19 1325
24 10 178
42 34 390
54 48 1085
4 10 32
15 20 182
25 47 338
10 1 9
16 58 903
16 49 650
33 48 855
8 48 151
65 66 2693
47 44 798
26 47 1075
2 39 35
10 63 196
72 49 1189
72 42 1986
31 57 762
67 15 3
47 74 2106
36 40 377
58 11 115
30 36 300
11 14 146
40 23 683
40 19 551
18 67 1046
53 22 372
61 66 1517
70 37 18
51 72 1374
22 31 672
13 60 402
4 70 255
57 11 12
74 51 1342
41 68 535
73 22 1363
63 59 1397
67 53 604
46 28 763
64 26 92
17 15 39
58 18 737
38 74 2447
17 49 203
66 15 467
55 12 518
20 74 926
49 42 1573
40 12 332
55 52 2257
49 68 612
5 28 109
7 42 24
19 35 526
59 25 1112
15 57 183
68 1 33
5 49 176
18 13 82
11 45 50
53 18 25
33 74 2113
31 57 1042
5 1 3
27 59 1225
63 50 636
12 19 102
11 24 126
51 18 620
4 28 65
8 5 32
56 15 148
34 45 1239
29 26 419
7 29 145
38 68 2097
73 56 2438
10 66 352
70 41 1069
45 21 487
64 28 739
3 61 74
15 19 69
60 47 2561
8 30 145
13 44 58
68 41 1675
67 27 139
65 22 928
6 66 204
72 55 1463
21 34 402
8 25 178
16 9 50
3 16 30
42 6 199
51 73 2176
17 41 147
48 31 510
45 36 889
40 9 50
39 29 521
23 13 179
2 5 2
4 8 28
36 26 501
14 53 527
9 69 423
53 42 1395
21 63 561
31 4 58
20 19 85
19 18 186
65 19 696
73 23 1675
22 35 561
51 25 358
55 33 1334
24 11 5
75 8 86
11 38 194
7 34 7
8 52 58
22 18 376
18 67 1152
72 14 939
2 41 74
60 20 564
13 20 61
59 19 777
69 29 810
60 12 327
70 20 10
74 18 871
21 35 430
66 9 110
47 10 396
29 69 1905
67 58 684
69 18 228
3 64 75
26 25 104
7 19 65
68 69 2695
71 15 1032
66 57 1712
50 28 395
75 33 165
22 25 225
63 18 997
24 21 200
14 23 233
45 7 112
42 74 631
34 70 257
61 37 1835
72 11 481
18 11 6
33 32 720
59 19 806
27 42 862
59 33 863
40 54 518
68 20 39
38 31 828
74 68 1030
16 64 320
14 7 80
68 16 453
70 51 2242
44 2 7
38 60 1355
32 1 20
31 69 1911
29 8 112
73 59 799
3 74 87
19 13 52
44 57 1576
3 28 54
54 72 2033
26 11 56
30 19 135
12 50 450
66 55 2303
51 30 463
52 32 1222
18 27 93
42 48 381
6 27 124
72 57 57
64 8 273
18 37 99
25 26 167
1 68 59
60 43 127
27 19 217
45 13 469
51 54 1212
39 36 270
54 9 474
65 50 3153
63 44 2627
57 68 3058
48 46 983
48 30 790
24 57 1268
61 26 1543
50 1 43
62 39 453
26 17 424
46 58 1822
50 23 582
15 4 41
35 29 871
69 1 8
25 1 9
75 62 1284
39 13 55
56 74 99
11 24 114
50 46 1251
39 20 345
72 12 726
23 46 599
70 16 920
72 41 2626
55 17 499
63 55 411
49 35 136
50 23 1112
67 49 980
44 12 180
20 9 102
75 8 387
7 2 9
67 74 302
29 53 189
52 18 812
64 43 1906
51 69 1185
62 37 2154
73 58 2353
51 2 77
69 1 9
57 8 194
60 51 1900
58 4 196
19 32 572
64 72 1203
68 24 843
19 63 730
70 60 1909
57 12 212
53 5 186
55 61 1810
36 45 872
67 27 1149
1 23 20
3 11 13
25 55 829
39 50 693
15 44 527
25 25 513
60 54 2372
72 11 368
16 23 184
62 15 402
13 67 594
47 69 1236
54 70 1642
9 34 260
27 25 534
28 50 1061
41 34 1096
34 30 846
36 22 632
59 60 2368
10 49 414
36 72 1081
48 27 857
40 35 679
57 38 1500
66 43 2353
53 8 405
18 18 17
69 53 74
67 13 89
56 75 548
36 12 377
9 36 313
29 75 1084
7 34 107
10 24 38
38 53 457
25 47 365
17 40 309
8 8 49
57 40 800
57 75 2273
52 61 277
51 66 2534
9 73 239
4 59 128
19 21 34
40 45 1793
56 62 1319
27 46 1058
10 27 87
21 8 69
43 60 918
2 35 14
36 20 148
28 23 454
72 18 706
18 58 1010
11 15 61
20 41 221
36 27 816
69 24 1079
27 66 953
21 68 1267
29 5 116
63 10 490
28 6 100
66 1 65
73 11 780
43 7 239
58 42 2356
1 36 26
27 39 109
14 59 104
12 65 407
52 52 1782
69 5 278
28 70 1638
21 67 934
5 11 1
30 45 320
59 22 881
36 49 10
55 39 1283
67 51 2121
60 4 94
62 72 3861
46 1 28
31 73 593
25 3 24
3 32 3
22 67 395
30 27 624
24 59 246
53 27 1224
20 11 33
15 49 232
66 19 1168
36 49 1553
49 51 122
72 30 1222
41 28 605
8 57 221
24 5 15
3 57 80
32 53 1400
64 44 594
70 11 152
2 46 66
58 19 365
41 67 1017
32 9 108
67 17 62
54 40 1260
23 42 529
71 73 2224
53 38 957
61 33 865
12 11 2
63 45 1065
67 10 622
24 18 171
9 62 424
26 40 900
48 39 220
28 34 769
60 64 1120
15 49 342
56 60 142
67 24 759
21 67 1018
42 16 10
49 1 6
19 26 312
6 73 145
10 25 107
12 62 49
51 53 1168
47 33 988
30 1 20
57 22 1076
70 40 2136
2 13 11
71 9 516
28 14 289
1 23 15
60 34 28
31 61 470
51 9 135
54 38 849
35 71 1076
31 65 328
41 67 968
6 39 151
71 43 570
35 21 483
24 5 58
28 12 149
33 62 604
47 18 124
61 52 151
74 7 358
51 25 87
17 7 40
67 2 118
31 13 103
70 37 1940
68 64 2725
28 73 1219
71 21 1082
2 59 43
56 57 56
24 9 108
35 2 41
61 45 2579
54 1 12
68 70 3383
62 39 1720
68 43 2437
15 39 8
1 17 13
68 72 1362
67 72 4824
43 8 144
49 68 2427
32 24 693
28 16 68
37 54 406
12 24 147
59 38 1991
28 15 265
4 8 11
64 51 2056
58 18 408
30 66 602
23 75 400
17 27 146
34 41 57
14 52 529
37 12 27
75 39 122
55 42 1741
31 8 139
32 65 576
64 71 4351
43 70 77
44 11 233
61 21 246
33 35 429
28 71 721
60 71 3890
31 50 1009
62 57 352
44 13 169
44 54 1285
64 21 1232
30 64 836
52 26 986
39 58 1067
54 10 473
5 69 130
47 2 76
55 40 192
70 60 4056
28 6 98
56 69 2423
3 75 22
13 52 399
44 67 442
10 46 53
47 27 44
56 73 1917
16 52 723
9 23 127
15 27 315
50 7 265
8 10 50
29 74 1190
52 42 1670
58 52 3008
51 75 1935
14 56 670
30 48 348
10 57 557
26 48 887
48 22 596
62 29 693
1 34 11
20 11 48
31 45 81
63 72 3027
47 62 2436
58 16 734
45 2 43
31 5 75
44 52 1445
41 38 1101
46 16 255
27 35 505
50 65 2881
2 30 28
52 53 678
59 35 774
16 4 45
28 35 199
13 55 225
71 20 835
59 43 1476
6 46 224
67 72 1040
23 74 504
27 50 377
17 11 40
75 26 92
60 53 2001
25 42 683
42 37 906
21 73 244
15 55 617
20 47 433
67 46 1765
16 72 1103
70 13 505
8 13 9
24 49 295
52 73 1984
59 16 386
62 36 1343
10 27 103
26 24 510
15 15 81
3 8 11
17 2 3
41 61 438
67 9 297
70 37 756
40 72 146
1 36 36
33 45 822
45 47 1025
5 38 90
10 17 139
63 33 1844
54 50 1692
56 41 326
9 13 46
34 29 474
51 29 1022
6 62 200
63 31 1155
44 13 429
40 22 563
43 62 1857
24 40 327
65 20 1045
17 28 158
5 38 185
41 66 829
38 71 811
3 35 24
67 56 2467
18 20 125
60 63 606
37 63 1068
41 53 1938
10 69 549
43 50 608
29 15 298
44 52 1011
22 55 965
31 23 667
28 40 177
47 1 22
29 38 559
73 3 114
39 64 1934
9 31 37
16 36 370
66 5 250
36 26 8
17 33 312
54 61 1204
35 9 95
55 38 494
62 12 400
47 27 184
1 35 18
5 28 43
75 70 3669
69 30 492
72 46 557
44 24 252
10 35 175
74 14 900
54 53 937
36 1 34
58 53 699
35 34 1167
24 33 40
18 4 24
14 75 338
42 20 188
33 29 208
9 4 36
22 57 802
46 17 416
22 74 356
62 10 163
53 34 110
16 51 277
30 41 100
44 59 1642
59 16 126
33 1 14
20 22 25
37 68 192
53 66 1579
47 29 88
75 7 188
60 22 410
25 28 680
64 49 595
47 32 417
36 64 1780
6 60 245
32 21 246
74 74 12
69 22 1184
74 21 1542
36 57 295
26 6 53
32 46 500
45 70 1310
28 7 52
11 12 23
15 43 635
64 19 445
5 12 31
72 10 104
25 46 105
73 48 3266
51 4 54
2 26 30
36 30 631
35 40 697
19 31 497
75 19 1160
31 75 1471
31 72 833
6 21 120
38 70 1462
75 46 930
59 47 433
15 60 811
75 71 4450
48 14 96
64 13 582
23 43 945
69 51 342
26 33 744
5 70 40
31 46 333
37 7 20
69 21 1374
54 20 55
56 67 3310
13 56 567
17 55 605
44 48 1186
67 50 2074
64 54 826
56 61 1403
17 23 258
2 16 24
23 46 647
40 3 100
47 67 2978
66 9 285
7 52 266
73 21 197
74 9 666
69 41 1485
34 58 276
6 36 113
72 36 891
37 52 1783
16 23 182
4 65 140
46 49 898
61 23 1043
28 21 471
25 66 119
30 25 528
35 7 44
31 55 796
21 16 277
66 8 150
4 11 18
48 57 77
45 19 340
63 46 757
66 70 4535
34 2 63
37 13 250
52 43 1558
4 64 96
7 31 161
9 11 27
52 35 807
46 4 168
10 43 356
23 33 653
27 44 132
32 57 61
20 33 260
63 13 156
46 19 550
13 4 49
43 55 1856
54 25 774
9 11 80
61 11 88
32 14 134
57 23 231
18 42 69
22 6 72
66 28 1176
42 41 724
5 60 128
25 39 654
26 47 126
69 32 1610
23 40 539
21 73 401
74 16 935
62 14 76
61 57 1686
56 75 1235
53 5 169
7 29 83
38 31 324
56 24 1183
9 24 123
4 44 54
45 42 664
6 28 70
70 66 306
64 46 1699
75 75 721
71 59 1798
29 21 22
11 53 384
75 38 1231
29 41 899
33 10 85
51 67 2892
60 62 117
50 27 634
17 4 54
39 74 2879
15 4 43
22 14 55
29 66 1792
59 19 952
34 51 886
50 4 173
71 63 1198
7 15 12
17 8 80
27 46 297
19 61 263
9 59 159
50 12 476
54 47 961
23 57 562
53 31 1135
75 27 640
37 10 216
49 27 731
17 53 488
59 71 3029
29 4 44
41 54 559
67 32 1348
65 31 667
38 8 144
15 60 406
31 21 250
61 46 1828
75 63 3020
59 23 938
6 51 292
10 68 379
3 59 87
18 25 237
15 63 410
42 54 1622
72 61 4064
13 23 248
56 22 589
75 57 835
15 62 757
11 72 26
36 74 263
18 16 254
29 7 197
25 48 308
5 21 38
35 11 350
58 66 2575
22 65 1112
8 57 108
44 44 392
49 4 106
38 73 920
29 27 481
58 28 1171
66 10 280
35 44 1360
27 3 31
39 24 163
62 31 885
20 51 818
2 24 20
58 39 1866
8 67 485
62 26 1082
66 16 459
68 51 611
4 2 8
6 17 36
72 4 157
21 75 637
13 1 9
60 35 451
30 42 164
3 6 15
4 48 143
36 17 514
66 21 72
45 26 931
25 74 1509
11 19 139
48 8 29
62 44 1457
39 51 706
59 53 2688
29 56 945
15 69 222
28 59 645
42 5 192
73 29 1500
8 40 112
41 64 218
28 50 654
49 13 432
14 71 72
59 24 842
54 16 670
65 43 2611
73 10 676
31 7 159
62 14 772
13 31 179
23 35 674
1 9 9
59 22 353
19 6 108
11 36 219
49 2 35
69 74 4356
71 29 1195
27 15 229
21 27 178
56 49 2313
64 26 1299
62 61 2896
31 4 108
24 15 107
32 40 1138
60 33 953
44 6 27
64 32 136
22 29 317
62 9 105
62 50 1796
70 36 996
2 66 40
13 67 851
37 23 135
61 59 2621
9 5 24
59 68 827
26 66 1371
70 52 1059
13 16 187
33 62 1825
38 40 708
47 30 314
24 66 937
63 28 1527
37 36 274
15 72 278
2 74 98
17 68 214
40 5 83
15 14 177
1 52 28
53 75 590
73 24 1658
41 63 2178
